datetime,simulationProfile,simulationLevel,simulationInfo,assessmentInfo
20210826T151707,"Echo","ExamHover","",""
time,positionX,positionY,positionZ,attitudeX,attitudeY,attitudeZ,velocityX,velocityY,velocityZ,reference,obstacle,score[]
0.026,3.725,-0.246,2.174,6.571,6.485,-7.543,0.597,-0.158,-0.001,0.814,0,0.821,0.813,7.542
0.045,3.739,-0.250,2.174,6.875,6.532,-7.541,0.476,-0.126,-0.001,0.801,0,0.823,0.800,7.540
0.068,3.749,-0.252,2.174,6.953,6.630,-7.534,0.765,-0.203,-0.001,0.792,0,0.825,0.791,7.533
0.089,3.759,-0.250,2.174,6.707,6.895,-7.513,0.433,-0.080,-0.001,0.782,0,0.827,0.781,7.513
0.112,3.768,-0.249,2.174,6.482,7.137,-7.495,0.465,0.084,-0.001,0.773,0,0.829,0.772,7.495
0.133,3.778,-0.247,2.174,6.242,7.396,-7.477,0.394,0.071,-0.001,0.763,0,0.831,0.763,7.477
0.155,3.787,-0.245,2.174,6.021,7.634,-7.462,0.461,0.083,-0.001,0.754,0,0.833,0.754,7.461
0.178,3.796,-0.244,2.174,5.782,7.891,-7.446,0.392,0.071,-0.001,0.745,0,0.835,0.744,7.445
0.200,3.806,-0.242,2.174,5.541,8.151,-7.431,0.419,0.075,-0.001,0.735,0,0.836,0.735,7.431
0.222,3.815,-0.240,2.174,5.307,8.403,-7.418,0.436,0.079,-0.001,0.726,0,0.839,0.725,7.417
0.244,3.824,-0.238,2.173,5.079,8.649,-7.406,0.435,0.078,-0.001,0.717,0,0.840,0.716,7.405
0.267,3.834,-0.237,2.173,4.843,8.903,-7.394,0.409,0.074,-0.001,0.707,0,0.842,0.707,7.394
0.289,3.843,-0.235,2.173,4.605,9.159,-7.384,0.420,0.076,-0.001,0.698,0,0.844,0.697,7.383
0.311,3.852,-0.233,2.173,4.356,9.379,-7.379,0.421,0.076,-0.001,0.688,0,0.846,0.688,7.378
0.333,3.856,-0.229,2.173,4.062,9.390,-7.400,0.413,0.088,-0.000,0.683,0,0.847,0.682,7.400
0.356,3.861,-0.224,2.174,3.770,9.400,-7.422,0.186,0.205,0.002,0.678,0,0.848,0.677,7.421
0.378,3.865,-0.220,2.174,3.468,9.410,-7.444,0.178,0.197,0.002,0.672,0,0.849,0.672,7.443
0.401,3.869,-0.215,2.174,3.173,9.420,-7.466,0.189,0.208,0.002,0.667,0,0.850,0.666,7.465
0.422,3.873,-0.210,2.174,2.868,9.431,-7.488,0.177,0.196,0.002,0.661,0,0.851,0.661,7.488
0.444,3.877,-0.206,2.174,2.591,9.440,-7.508,0.203,0.224,0.002,0.656,0,0.852,0.656,7.508
0.467,3.881,-0.202,2.174,2.296,9.450,-7.530,0.173,0.190,0.002,0.651,0,0.853,0.651,7.530
0.488,3.885,-0.197,2.174,1.996,9.460,-7.553,0.181,0.200,0.002,0.646,0,0.854,0.645,7.552
0.512,3.889,-0.193,2.174,1.705,9.469,-7.574,0.190,0.209,0.002,0.641,0,0.855,0.640,7.574
0.533,3.893,-0.188,2.174,1.395,9.479,-7.597,0.173,0.191,0.002,0.635,0,0.856,0.635,7.597
0.556,3.897,-0.184,2.174,1.117,9.488,-7.618,0.205,0.226,0.002,0.630,0,0.857,0.630,7.618
0.578,3.897,-0.179,2.174,1.014,8.887,-7.643,0.167,0.185,0.002,0.629,0,0.857,0.628,7.643
0.600,3.897,-0.175,2.174,0.919,8.282,-7.667,0.004,0.207,0.003,0.628,0,0.858,0.627,7.666
0.622,3.897,-0.170,2.174,0.827,7.686,-7.689,-0.013,0.205,0.003,0.627,0,0.858,0.626,7.688
0.644,3.896,-0.166,2.174,0.734,7.085,-7.710,-0.012,0.200,0.003,0.626,0,0.858,0.625,7.710
0.667,3.896,-0.161,2.174,0.641,6.486,-7.730,-0.012,0.203,0.003,0.625,0,0.858,0.624,7.730
0.689,3.896,-0.157,2.174,0.547,5.869,-7.750,-0.012,0.196,0.003,0.624,0,0.858,0.624,7.750
0.711,3.896,-0.152,2.174,0.458,5.293,-7.768,-0.013,0.216,0.003,0.623,0,0.858,0.623,7.767
0.733,3.895,-0.148,2.174,0.364,4.677,-7.786,-0.012,0.189,0.003,0.622,0,0.858,0.622,7.785
0.755,3.895,-0.143,2.174,0.277,4.101,-7.801,-0.013,0.216,0.003,0.622,0,0.858,0.621,7.801
0.777,3.895,-0.139,2.175,0.185,3.496,-7.817,-0.012,0.192,0.003,0.621,0,0.859,0.620,7.816
0.800,3.895,-0.134,2.175,0.094,2.899,-7.831,-0.012,0.205,0.003,0.620,0,0.859,0.620,7.831
0.822,3.894,-0.131,2.175,0.059,2.947,-7.831,-0.012,0.198,0.003,0.620,0,0.859,0.619,7.831
0.844,3.893,-0.127,2.175,0.048,3.281,-7.826,-0.026,0.168,0.000,0.620,0,0.859,0.619,7.825
0.867,3.893,-0.124,2.175,0.038,3.619,-7.820,-0.031,0.148,-0.001,0.620,0,0.859,0.619,7.820
0.889,3.892,-0.120,2.175,0.027,3.963,-7.814,-0.030,0.148,-0.001,0.620,0,0.859,0.619,7.814
0.911,3.891,-0.117,2.175,0.017,4.285,-7.809,-0.033,0.160,-0.001,0.620,0,0.859,0.619,7.808
0.933,3.891,-0.114,2.175,0.007,4.622,-7.803,-0.030,0.143,-0.001,0.620,0,0.859,0.620,7.803
0.956,3.890,-0.111,2.174,-0.003,4.955,-7.798,-0.031,0.152,-0.001,0.620,0,0.859,0.620,7.797
0.978,3.889,-0.107,2.174,-0.013,5.295,-7.793,-0.030,0.147,-0.001,0.620,0,0.859,0.620,7.792
1.002,3.888,-0.104,2.174,-0.023,5.630,-7.787,-0.031,0.152,-0.001,0.620,0,0.859,0.620,7.787
1.022,3.888,-0.100,2.174,-0.034,5.992,-7.782,-0.029,0.138,-0.001,0.620,0,0.859,0.620,7.781
1.045,3.887,-0.097,2.174,-0.044,6.294,-7.777,-0.037,0.180,-0.001,0.621,0,0.859,0.620,7.776
1.067,3.886,-0.094,2.174,-0.046,6.212,-7.766,-0.028,0.135,-0.001,0.622,0,0.859,0.621,7.765
1.089,3.883,-0.092,2.174,-0.043,5.779,-7.750,-0.067,0.132,-0.002,0.624,0,0.858,0.623,7.749
1.111,3.880,-0.089,2.174,-0.039,5.358,-7.734,-0.127,0.111,-0.003,0.626,0,0.858,0.626,7.733
1.133,3.877,-0.087,2.174,-0.036,4.942,-7.719,-0.125,0.109,-0.003,0.629,0,0.857,0.628,7.718
1.160,3.875,-0.085,2.174,-0.033,4.515,-7.703,-0.121,0.106,-0.003,0.631,0,0.857,0.631,7.702
1.182,3.871,-0.082,2.174,-0.029,3.994,-7.684,-0.101,0.089,-0.002,0.634,0,0.856,0.633,7.683
1.203,3.869,-0.079,2.174,-0.026,3.581,-7.668,-0.155,0.136,-0.003,0.636,0,0.856,0.636,7.668
1.224,3.866,-0.077,2.174,-0.024,3.178,-7.654,-0.127,0.111,-0.003,0.639,0,0.855,0.638,7.653
1.246,3.863,-0.075,2.174,-0.021,2.771,-7.639,-0.122,0.107,-0.003,0.641,0,0.855,0.640,7.638
1.268,3.861,-0.072,2.174,-0.018,2.360,-7.624,-0.122,0.107,-0.003,0.643,0,0.854,0.643,7.623
1.289,3.858,-0.070,2.174,-0.016,1.938,-7.608,-0.120,0.105,-0.003,0.646,0,0.854,0.645,7.608
1.311,3.856,-0.068,2.174,-0.014,1.608,-7.594,-0.127,0.111,-0.003,0.648,0,0.854,0.647,7.594
1.333,3.854,-0.067,2.174,-0.013,1.476,-7.584,-0.112,0.095,-0.002,0.649,0,0.853,0.649,7.583
1.356,3.852,-0.066,2.174,-0.011,1.345,-7.573,-0.074,0.049,-0.002,0.651,0,0.853,0.650,7.573
1.377,3.851,-0.065,2.174,-0.010,1.210,-7.562,-0.072,0.047,-0.001,0.653,0,0.853,0.652,7.562
1.400,3.849,-0.064,2.174,-0.008,1.079,-7.552,-0.076,0.050,-0.002,0.654,0,0.852,0.654,7.551
1.421,3.847,-0.063,2.174,-0.007,0.945,-7.541,-0.072,0.048,-0.001,0.656,0,0.852,0.655,7.540
1.444,3.846,-0.062,2.174,-0.006,0.816,-7.531,-0.076,0.050,-0.002,0.657,0,0.852,0.657,7.530
1.466,3.844,-0.060,2.174,-0.004,0.683,-7.520,-0.072,0.047,-0.001,0.659,0,0.852,0.658,7.519
1.489,3.843,-0.059,2.173,-0.003,0.547,-7.509,-0.072,0.048,-0.001,0.660,0,0.851,0.660,7.508
1.511,3.841,-0.058,2.173,-0.002,0.411,-7.498,-0.074,0.049,-0.002,0.662,0,0.851,0.661,7.497
1.532,3.839,-0.057,2.173,-0.001,0.281,-7.487,-0.077,0.051,-0.002,0.663,0,0.851,0.663,7.487
1.555,3.838,-0.056,2.173,0.001,0.150,-7.477,-0.073,0.048,-0.001,0.665,0,0.851,0.664,7.476
1.577,3.838,-0.056,2.173,0.001,0.118,-7.474,-0.071,0.047,-0.001,0.665,0,0.851,0.664,7.473
1.603,3.838,-0.057,2.173,0.001,0.104,-7.472,0.008,-0.004,-0.002,0.664,0,0.851,0.663,7.471
1.621,3.839,-0.057,2.173,0.001,0.089,-7.470,0.023,-0.013,-0.001,0.663,0,0.851,0.663,7.470
1.644,3.840,-0.057,2.173,0.001,0.078,-7.469,0.036,-0.021,-0.002,0.663,0,0.851,0.662,7.468
1.666,3.840,-0.058,2.173,0.001,0.064,-7.467,0.022,-0.013,-0.001,0.662,0,0.851,0.662,7.466
1.688,3.841,-0.058,2.173,0.001,0.051,-7.465,0.028,-0.016,-0.002,0.662,0,0.851,0.661,7.465
1.710,3.841,-0.058,2.173,0.001,0.038,-7.463,0.026,-0.015,-0.002,0.661,0,0.851,0.661,7.463
1.733,3.842,-0.059,2.173,0.001,0.025,-7.462,0.026,-0.015,-0.002,0.661,0,0.851,0.660,7.461
1.754,3.843,-0.059,2.173,0.000,0.011,-7.460,0.026,-0.015,-0.002,0.660,0,0.851,0.660,7.459
1.777,3.843,-0.059,2.173,0.000,-0.002,-7.458,0.028,-0.017,-0.002,0.660,0,0.852,0.659,7.458
1.799,3.844,-0.060,2.173,0.000,-0.015,-7.456,0.025,-0.015,-0.002,0.659,0,0.852,0.659,7.456
1.821,3.846,-0.061,2.173,0.000,-0.021,-7.459,0.027,-0.016,-0.002,0.657,0,0.852,0.657,7.459
1.844,3.848,-0.063,2.173,0.000,-0.019,-7.467,0.087,-0.053,-0.002,0.655,0,0.853,0.654,7.466
1.865,3.851,-0.064,2.173,-0.000,-0.018,-7.474,0.122,-0.075,-0.001,0.652,0,0.853,0.651,7.474
1.888,3.854,-0.066,2.173,-0.000,-0.016,-7.482,0.141,-0.087,-0.002,0.649,0,0.854,0.649,7.481
1.910,3.857,-0.068,2.173,-0.000,-0.015,-7.489,0.127,-0.078,-0.002,0.646,0,0.854,0.646,7.488
1.932,3.860,-0.070,2.173,-0.001,-0.013,-7.496,0.127,-0.078,-0.002,0.644,0,0.855,0.643,7.496
1.955,3.863,-0.072,2.173,-0.001,-0.012,-7.504,0.132,-0.081,-0.002,0.641,0,0.855,0.641,7.503
1.977,3.866,-0.073,2.173,-0.001,-0.010,-7.511,0.130,-0.080,-0.002,0.638,0,0.856,0.638,7.511
2.000,3.869,-0.075,2.173,-0.001,-0.009,-7.519,0.131,-0.081,-0.002,0.636,0,0.856,0.635,7.518
2.021,3.872,-0.077,2.173,-0.001,-0.007,-7.526,0.126,-0.078,-0.002,0.633,0,0.857,0.632,7.526
2.045,3.875,-0.079,2.173,-0.001,-0.006,-7.534,0.138,-0.085,-0.002,0.630,0,0.857,0.630,7.533
2.067,3.878,-0.081,2.173,-0.001,-0.005,-7.542,0.121,-0.075,-0.001,0.627,0,0.858,0.626,7.542
2.088,3.883,-0.084,2.173,-0.000,-0.003,-7.551,0.172,-0.107,-0.002,0.622,0,0.859,0.622,7.551
2.110,3.888,-0.087,2.172,0.001,-0.002,-7.560,0.237,-0.149,-0.001,0.618,0,0.860,0.617,7.559
2.132,3.893,-0.090,2.172,0.002,-0.001,-7.568,0.230,-0.144,-0.001,0.613,0,0.861,0.613,7.568
2.155,3.899,-0.094,2.172,0.003,0.000,-7.577,0.224,-0.140,-0.001,0.609,0,0.862,0.608,7.577
2.177,3.904,-0.097,2.172,0.003,0.001,-7.586,0.230,-0.144,-0.001,0.604,0,0.862,0.604,7.586
2.200,3.909,-0.100,2.172,0.004,0.002,-7.595,0.234,-0.147,-0.001,0.600,0,0.863,0.599,7.595
2.222,3.914,-0.103,2.172,0.005,0.004,-7.604,0.222,-0.139,-0.001,0.595,0,0.864,0.594,7.604
2.244,3.919,-0.107,2.172,0.006,0.005,-7.613,0.238,-0.149,-0.001,0.590,0,0.865,0.590,7.613
2.266,3.924,-0.110,2.172,0.007,0.006,-7.622,0.237,-0.149,-0.001,0.586,0,0.866,0.586,7.622
2.288,3.929,-0.113,2.172,0.008,0.007,-7.631,0.222,-0.139,-0.001,0.582,0,0.867,0.581,7.631
2.310,3.935,-0.116,2.172,0.009,0.008,-7.639,0.233,-0.146,-0.001,0.577,0,0.868,0.577,7.638
2.332,3.942,-0.121,2.172,0.009,0.010,-7.641,0.242,-0.152,-0.001,0.571,0,0.869,0.570,7.640
2.355,3.949,-0.125,2.172,0.010,0.011,-7.642,0.333,-0.210,-0.002,0.565,0,0.870,0.564,7.642
2.378,3.957,-0.130,2.172,0.010,0.013,-7.644,0.313,-0.198,-0.001,0.559,0,0.871,0.558,7.644
2.398,3.964,-0.135,2.172,0.011,0.014,-7.646,0.325,-0.205,-0.002,0.553,0,0.873,0.552,7.646
2.422,3.971,-0.139,2.172,0.011,0.016,-7.648,0.357,-0.225,-0.002,0.547,0,0.874,0.547,7.647
2.443,3.978,-0.144,2.172,0.012,0.017,-7.650,0.291,-0.183,-0.001,0.541,0,0.875,0.541,7.649
2.465,3.985,-0.148,2.172,0.012,0.019,-7.652,0.359,-0.226,-0.002,0.536,0,0.876,0.535,7.651
2.488,3.993,-0.153,2.172,0.013,0.020,-7.654,0.313,-0.198,-0.001,0.530,0,0.877,0.529,7.653
2.510,4.000,-0.158,2.172,0.013,0.022,-7.656,0.314,-0.198,-0.001,0.524,0,0.878,0.524,7.655
2.532,4.007,-0.162,2.172,0.014,0.023,-7.657,0.343,-0.217,-0.002,0.519,0,0.879,0.518,7.657
2.555,4.014,-0.167,2.172,0.014,0.025,-7.659,0.323,-0.204,-0.002,0.513,0,0.880,0.513,7.659
2.577,4.024,-0.172,2.172,0.440,0.024,-7.657,0.318,-0.201,-0.002,0.507,0,0.882,0.506,7.656
2.600,4.033,-0.178,2.172,0.912,0.023,-7.653,0.407,-0.257,-0.003,0.500,0,0.883,0.500,7.653
2.622,4.042,-0.184,2.172,1.388,0.023,-7.650,0.406,-0.256,-0.003,0.494,0,0.884,0.493,7.650
2.644,4.051,-0.190,2.172,1.857,0.022,-7.647,0.416,-0.262,-0.003,0.487,0,0.886,0.487,7.647
2.667,4.060,-0.195,2.172,2.326,0.021,-7.644,0.410,-0.258,-0.003,0.481,0,0.887,0.481,7.643
2.689,4.069,-0.201,2.171,2.810,0.020,-7.641,0.397,-0.250,-0.003,0.475,0,0.888,0.475,7.640
2.711,4.078,-0.207,2.171,3.272,0.019,-7.637,0.430,-0.271,-0.003,0.470,0,0.889,0.469,7.637
2.733,4.087,-0.213,2.171,3.740,0.019,-7.634,0.405,-0.255,-0.003,0.464,0,0.890,0.464,7.634
2.755,4.096,-0.218,2.171,4.204,0.018,-7.631,0.413,-0.260,-0.003,0.459,0,0.891,0.458,7.631
2.777,4.106,-0.224,2.171,4.686,0.017,-7.628,0.396,-0.249,-0.003,0.454,0,0.892,0.453,7.627
2.801,4.115,-0.230,2.171,5.148,0.016,-7.625,0.427,-0.269,-0.003,0.449,0,0.893,0.448,7.624
2.823,4.126,-0.234,2.171,5.656,0.287,-7.595,0.371,-0.233,-0.002,0.441,0,0.895,0.441,7.595
2.844,4.137,-0.236,2.171,6.111,0.645,-7.555,0.513,-0.194,-0.005,0.433,0,0.897,0.433,7.554
2.867,4.147,-0.238,2.171,6.552,0.991,-7.513,0.525,-0.097,-0.006,0.426,0,0.898,0.425,7.512
2.889,4.159,-0.240,2.171,7.040,1.374,-7.463,0.458,-0.085,-0.005,0.417,0,0.900,0.417,7.463
2.911,4.170,-0.242,2.171,7.508,1.740,-7.413,0.530,-0.098,-0.006,0.409,0,0.902,0.409,7.412
2.933,4.182,-0.244,2.170,7.979,2.108,-7.359,0.505,-0.094,-0.006,0.401,0,0.903,0.401,7.358
2.955,4.193,-0.246,2.170,8.438,2.466,-7.304,0.521,-0.097,-0.006,0.394,0,0.905,0.393,7.303
2.977,4.204,-0.248,2.170,8.914,2.837,-7.243,0.491,-0.091,-0.005,0.386,0,0.907,0.386,7.243
3.000,4.215,-0.250,2.170,9.379,3.197,-7.181,0.520,-0.097,-0.006,0.379,0,0.908,0.379,7.181
3.022,4.227,-0.253,2.170,9.863,3.572,-7.114,0.488,-0.091,-0.005,0.372,0,0.910,0.372,7.113
3.044,4.238,-0.255,2.170,10.336,3.936,-7.045,0.521,-0.097,-0.006,0.365,0,0.911,0.365,7.045
3.067,4.249,-0.255,2.170,10.563,4.195,-7.013,0.514,-0.096,-0.006,0.358,0,0.913,0.357,7.013
3.089,4.260,-0.249,2.170,10.352,4.274,-7.053,0.494,-0.016,-0.005,0.346,0,0.915,0.346,7.052
3.111,4.271,-0.244,2.170,10.145,4.351,-7.092,0.503,0.262,-0.002,0.334,0,0.917,0.334,7.091
3.132,4.282,-0.238,2.170,9.937,4.428,-7.131,0.493,0.257,-0.002,0.323,0,0.920,0.322,7.130
3.155,4.292,-0.232,2.170,9.734,4.503,-7.169,0.508,0.265,-0.002,0.312,0,0.922,0.311,7.169
3.177,4.304,-0.227,2.170,9.522,4.581,-7.210,0.471,0.245,-0.001,0.300,0,0.924,0.299,7.209
3.200,4.314,-0.221,2.170,9.313,4.658,-7.250,0.504,0.262,-0.002,0.289,0,0.926,0.288,7.250
3.221,4.326,-0.215,2.169,9.093,4.739,-7.293,0.468,0.244,-0.001,0.277,0,0.929,0.276,7.292
3.244,4.336,-0.209,2.169,8.892,4.813,-7.332,0.543,0.283,-0.002,0.266,0,0.931,0.265,7.331
3.267,4.347,-0.204,2.169,8.682,4.890,-7.373,0.471,0.245,-0.001,0.255,0,0.933,0.254,7.373
3.289,4.359,-0.198,2.169,8.464,4.970,-7.416,0.476,0.248,-0.001,0.243,0,0.935,0.243,7.416
3.312,4.370,-0.192,2.169,8.214,5.007,-7.461,0.524,0.273,-0.002,0.232,0,0.937,0.232,7.461
3.333,4.380,-0.181,2.170,7.582,4.732,-7.540,0.455,0.246,-0.001,0.217,0,0.940,0.217,7.539
3.356,4.389,-0.172,2.170,7.031,4.491,-7.605,0.503,0.525,0.007,0.205,0,0.942,0.204,7.605
3.377,4.399,-0.161,2.170,6.402,4.216,-7.677,0.383,0.400,0.005,0.190,0,0.945,0.190,7.677
3.400,4.408,-0.152,2.170,5.838,3.967,-7.740,0.488,0.509,0.006,0.177,0,0.947,0.177,7.739
3.421,4.418,-0.141,2.170,5.230,3.699,-7.804,0.406,0.424,0.005,0.163,0,0.950,0.163,7.803
3.444,4.428,-0.131,2.170,4.647,3.441,-7.863,0.456,0.476,0.006,0.150,0,0.953,0.149,7.863
3.467,4.438,-0.121,2.170,4.054,3.178,-7.920,0.431,0.450,0.006,0.136,0,0.955,0.136,7.920
3.489,4.448,-0.111,2.170,3.441,2.905,-7.977,0.423,0.441,0.006,0.123,0,0.958,0.122,7.976
3.510,4.457,-0.101,2.171,2.844,2.638,-8.029,0.450,0.470,0.006,0.109,0,0.960,0.109,8.029
3.533,4.467,-0.091,2.171,2.267,2.380,-8.077,0.452,0.472,0.006,0.097,0,0.963,0.096,8.076
3.556,4.477,-0.080,2.171,1.667,2.111,-8.124,0.422,0.440,0.006,0.084,0,0.965,0.083,8.123
3.577,4.487,-0.071,2.171,1.118,2.628,-8.115,0.436,0.454,0.006,0.072,0,0.968,0.072,8.115
3.600,4.496,-0.062,2.171,0.595,3.142,-8.110,0.469,0.440,0.006,0.062,0,0.970,0.062,8.109
3.622,4.507,-0.052,2.171,0.030,3.698,-8.110,0.413,0.385,0.006,0.053,0,0.972,0.052,8.109
3.644,4.517,-0.043,2.171,-0.496,4.213,-8.115,0.483,0.449,0.006,0.046,0,0.973,0.046,8.114
3.666,4.526,-0.034,2.171,-1.030,4.737,-8.124,0.440,0.410,0.006,0.043,0,0.973,0.043,8.124
3.689,4.536,-0.025,2.172,-1.571,5.267,-8.139,0.443,0.413,0.006,0.044,0,0.973,0.044,8.138
3.711,4.546,-0.015,2.172,-2.116,5.801,-8.159,0.444,0.413,0.006,0.049,0,0.972,0.048,8.159
3.733,4.556,-0.006,2.172,-2.653,6.325,-8.184,0.456,0.424,0.006,0.057,0,0.971,0.056,8.183
3.756,4.566,0.003,2.172,-3.200,6.858,-8.214,0.440,0.409,0.006,0.066,0,0.969,0.066,8.213
3.778,4.576,0.013,2.172,-3.751,7.394,-8.249,0.446,0.415,0.006,0.077,0,0.966,0.077,8.249
3.800,4.586,0.022,2.172,-4.292,7.918,-8.289,0.457,0.425,0.006,0.089,0,0.964,0.088,8.289
3.822,4.592,0.028,2.172,-4.608,8.275,-8.264,0.441,0.411,0.006,0.096,0,0.962,0.096,8.264
3.844,4.596,0.032,2.172,-4.826,8.557,-8.214,0.262,0.265,-0.002,0.101,0,0.962,0.101,8.213
3.866,4.600,0.036,2.172,-5.044,8.839,-8.164,0.182,0.198,-0.005,0.106,0,0.961,0.106,8.164
3.889,4.604,0.041,2.172,-5.267,9.127,-8.115,0.180,0.196,-0.005,0.112,0,0.960,0.111,8.114
3.911,4.608,0.045,2.172,-5.491,9.417,-8.066,0.181,0.198,-0.005,0.117,0,0.959,0.117,8.066
3.932,4.612,0.050,2.172,-5.710,9.701,-8.020,0.186,0.203,-0.005,0.123,0,0.958,0.122,8.019
3.955,4.616,0.054,2.172,-5.923,9.978,-7.976,0.189,0.205,-0.005,0.128,0,0.957,0.128,7.975
3.977,4.620,0.058,2.171,-6.149,10.270,-7.930,0.173,0.188,-0.005,0.134,0,0.956,0.133,7.930
3.999,4.624,0.063,2.171,-6.366,10.552,-7.887,0.190,0.207,-0.005,0.139,0,0.955,0.139,7.887
4.022,4.628,0.067,2.171,-6.590,10.842,-7.844,0.177,0.193,-0.005,0.145,0,0.954,0.144,7.844
4.044,4.633,0.072,2.171,-6.815,11.135,-7.802,0.182,0.198,-0.005,0.151,0,0.953,0.150,7.801
4.066,4.635,0.074,2.171,-6.701,10.926,-7.717,0.184,0.200,-0.005,0.154,0,0.952,0.153,7.716
4.088,4.632,0.073,2.171,-6.163,10.085,-7.583,0.095,0.127,-0.001,0.151,0,0.953,0.151,7.582
4.111,4.629,0.072,2.171,-5.630,9.245,-7.458,-0.118,-0.051,0.008,0.148,0,0.954,0.148,7.457
4.133,4.627,0.071,2.172,-5.096,8.396,-7.340,-0.117,-0.050,0.008,0.145,0,0.955,0.145,7.340
4.155,4.624,0.070,2.172,-4.566,7.549,-7.231,-0.118,-0.051,0.008,0.143,0,0.956,0.142,7.230
4.178,4.621,0.069,2.172,-4.032,6.691,-7.129,-0.117,-0.050,0.008,0.140,0,0.956,0.139,7.128
4.201,4.619,0.068,2.172,-3.502,5.834,-7.035,-0.119,-0.051,0.008,0.137,0,0.957,0.136,7.034
4.222,4.616,0.067,2.172,-2.954,4.944,-6.946,-0.114,-0.049,0.007,0.134,0,0.958,0.133,6.945
4.244,4.614,0.066,2.172,-2.465,4.145,-6.873,-0.132,-0.056,0.009,0.131,0,0.959,0.131,6.873
4.267,4.611,0.064,2.173,-1.943,3.290,-6.804,-0.111,-0.047,0.007,0.128,0,0.959,0.128,6.803
4.289,4.608,0.063,2.173,-1.418,2.428,-6.741,-0.117,-0.050,0.008,0.125,0,0.960,0.125,6.741
4.311,4.606,0.062,2.173,-0.992,1.723,-6.706,-0.119,-0.051,0.008,0.123,0,0.961,0.122,6.705
4.333,4.605,0.059,2.173,-0.904,1.573,-6.741,-0.109,-0.060,0.007,0.120,0,0.961,0.120,6.740
4.355,4.604,0.056,2.173,-0.822,1.432,-6.773,-0.056,-0.136,0.004,0.118,0,0.962,0.117,6.773
4.377,4.602,0.053,2.173,-0.735,1.282,-6.808,-0.050,-0.119,0.004,0.116,0,0.962,0.115,6.808
4.400,4.601,0.051,2.173,-0.648,1.134,-6.843,-0.054,-0.129,0.004,0.113,0,0.962,0.113,6.843
4.422,4.600,0.048,2.173,-0.560,0.983,-6.879,-0.052,-0.125,0.004,0.111,0,0.963,0.110,6.879
4.444,4.599,0.045,2.173,-0.475,0.838,-6.914,-0.055,-0.132,0.004,0.109,0,0.963,0.108,6.913
4.467,4.598,0.042,2.174,-0.386,0.686,-6.950,-0.051,-0.122,0.004,0.106,0,0.963,0.106,6.950
4.489,4.596,0.039,2.174,-0.299,0.537,-6.986,-0.054,-0.130,0.004,0.104,0,0.964,0.104,6.986
4.511,4.595,0.036,2.174,-0.213,0.391,-7.022,-0.054,-0.129,0.004,0.102,0,0.964,0.102,7.021
4.533,4.594,0.034,2.174,-0.126,0.244,-7.058,-0.052,-0.127,0.004,0.100,0,0.965,0.099,7.058
4.557,4.593,0.031,2.174,-0.038,0.095,-7.095,-0.052,-0.126,0.004,0.098,0,0.965,0.097,7.094
4.578,4.594,0.026,2.174,-0.024,0.072,-7.150,-0.050,-0.121,0.004,0.097,0,0.965,0.097,7.149
4.601,4.595,0.022,2.174,-0.018,0.062,-7.200,0.041,-0.210,-0.001,0.097,0,0.965,0.097,7.199
4.622,4.596,0.018,2.174,-0.011,0.051,-7.254,0.044,-0.177,-0.002,0.098,0,0.964,0.097,7.254
4.644,4.597,0.014,2.174,-0.005,0.041,-7.306,0.050,-0.201,-0.002,0.098,0,0.964,0.097,7.306
4.666,4.598,0.010,2.174,0.001,0.031,-7.357,0.048,-0.197,-0.002,0.098,0,0.964,0.098,7.357
4.689,4.599,0.005,2.174,0.008,0.020,-7.411,0.045,-0.183,-0.002,0.099,0,0.964,0.099,7.410
4.711,4.600,0.001,2.174,0.014,0.009,-7.464,0.048,-0.194,-0.002,0.100,0,0.963,0.100,7.464
4.733,4.601,-0.003,2.174,0.021,-0.001,-7.517,0.048,-0.196,-0.002,0.101,0,0.963,0.101,7.516
4.756,4.602,-0.008,2.174,0.027,-0.012,-7.569,0.047,-0.191,-0.002,0.102,0,0.963,0.102,7.569
4.778,4.603,-0.012,2.174,0.034,-0.023,-7.624,0.046,-0.186,-0.002,0.104,0,0.962,0.104,7.624
4.801,4.604,-0.016,2.173,0.041,-0.033,-7.677,0.049,-0.200,-0.002,0.106,0,0.962,0.105,7.676
4.822,4.607,-0.022,2.173,0.042,-0.035,-7.713,0.047,-0.190,-0.002,0.109,0,0.961,0.108,7.712
4.844,4.610,-0.027,2.173,0.040,-0.034,-7.739,0.116,-0.247,-0.004,0.113,0,0.960,0.112,7.739
4.867,4.613,-0.032,2.173,0.038,-0.032,-7.767,0.131,-0.240,-0.004,0.117,0,0.959,0.117,7.766
4.889,4.616,-0.038,2.173,0.037,-0.031,-7.795,0.134,-0.245,-0.004,0.122,0,0.958,0.122,7.795
4.912,4.619,-0.044,2.173,0.035,-0.029,-7.823,0.141,-0.258,-0.005,0.127,0,0.957,0.126,7.822
4.933,4.622,-0.049,2.173,0.033,-0.028,-7.850,0.136,-0.250,-0.004,0.132,0,0.956,0.131,7.850
4.956,4.625,-0.055,2.173,0.032,-0.027,-7.877,0.146,-0.268,-0.005,0.136,0,0.955,0.136,7.876
4.978,4.628,-0.061,2.173,0.030,-0.025,-7.906,0.123,-0.226,-0.004,0.142,0,0.954,0.141,7.905
4.999,4.631,-0.066,2.173,0.028,-0.024,-7.932,0.151,-0.277,-0.005,0.147,0,0.953,0.146,7.932
5.021,4.634,-0.071,2.173,0.027,-0.022,-7.959,0.138,-0.253,-0.004,0.152,0,0.952,0.151,7.958
5.044,4.637,-0.077,2.172,0.025,-0.021,-7.986,0.132,-0.242,-0.004,0.157,0,0.951,0.157,7.986
5.066,4.641,-0.083,2.172,0.043,-0.018,-7.998,0.132,-0.242,-0.004,0.164,0,0.950,0.163,7.998
5.088,4.646,-0.090,2.172,0.082,-0.014,-7.992,0.176,-0.285,-0.004,0.172,0,0.948,0.171,7.991
5.111,4.651,-0.097,2.172,0.120,-0.010,-7.985,0.230,-0.311,-0.004,0.180,0,0.946,0.179,7.985
5.133,4.656,-0.104,2.172,0.159,-0.006,-7.979,0.229,-0.309,-0.004,0.188,0,0.945,0.187,7.978
5.156,4.661,-0.111,2.172,0.198,-0.003,-7.972,0.232,-0.314,-0.004,0.196,0,0.943,0.195,7.972
5.178,4.667,-0.118,2.172,0.238,0.001,-7.966,0.224,-0.303,-0.004,0.204,0,0.942,0.204,7.965
5.200,4.672,-0.125,2.172,0.277,0.005,-7.959,0.234,-0.316,-0.004,0.213,0,0.940,0.212,7.959
5.222,4.677,-0.132,2.172,0.315,0.009,-7.953,0.238,-0.321,-0.004,0.221,0,0.938,0.220,7.952
5.245,4.682,-0.139,2.172,0.354,0.013,-7.946,0.229,-0.309,-0.004,0.229,0,0.937,0.228,7.946
5.267,4.687,-0.146,2.172,0.394,0.017,-7.940,0.223,-0.301,-0.003,0.237,0,0.935,0.237,7.939
5.290,4.692,-0.153,2.172,0.432,0.021,-7.933,0.239,-0.323,-0.004,0.246,0,0.933,0.245,7.933
5.312,4.698,-0.160,2.171,0.632,0.046,-7.921,0.219,-0.296,-0.003,0.254,0,0.932,0.254,7.921
5.333,4.705,-0.166,2.171,1.227,0.122,-7.896,0.264,-0.326,-0.004,0.264,0,0.930,0.263,7.896
5.356,4.712,-0.172,2.171,1.815,0.198,-7.871,0.334,-0.287,-0.005,0.273,0,0.928,0.273,7.871
5.378,4.720,-0.178,2.171,2.425,0.276,-7.844,0.319,-0.275,-0.005,0.283,0,0.926,0.283,7.844
5.400,4.727,-0.185,2.171,3.032,0.354,-7.816,0.333,-0.286,-0.005,0.293,0,0.924,0.292,7.816
5.422,4.734,-0.191,2.171,3.639,0.431,-7.788,0.330,-0.284,-0.005,0.302,0,0.922,0.302,7.787
5.444,4.742,-0.197,2.171,4.243,0.508,-7.758,0.332,-0.286,-0.005,0.312,0,0.920,0.312,7.758
5.467,4.749,-0.204,2.171,4.846,0.584,-7.728,0.331,-0.285,-0.005,0.322,0,0.919,0.321,7.728
5.489,4.757,-0.210,2.171,5.463,0.661,-7.697,0.323,-0.278,-0.005,0.332,0,0.917,0.331,7.696
5.511,4.764,-0.216,2.170,6.070,0.737,-7.665,0.337,-0.290,-0.005,0.341,0,0.915,0.341,7.664
5.534,4.771,-0.223,2.170,6.677,0.813,-7.632,0.330,-0.284,-0.005,0.351,0,0.913,0.350,7.632
5.556,4.779,-0.229,2.170,7.299,0.890,-7.598,0.323,-0.278,-0.005,0.361,0,0.911,0.360,7.597
5.578,4.788,-0.232,2.170,6.932,0.849,-7.587,0.339,-0.291,-0.005,0.370,0,0.909,0.370,7.587
5.602,4.798,-0.235,2.170,6.438,0.792,-7.579,0.422,-0.139,-0.001,0.379,0,0.907,0.379,7.579
5.622,4.808,-0.237,2.170,5.907,0.732,-7.570,0.404,-0.105,-0.000,0.389,0,0.906,0.388,7.570
5.645,4.817,-0.240,2.170,5.446,0.680,-7.562,0.500,-0.130,-0.000,0.397,0,0.904,0.397,7.562
5.668,4.826,-0.242,2.170,4.946,0.623,-7.553,0.399,-0.103,-0.000,0.406,0,0.902,0.406,7.552
5.690,4.836,-0.245,2.170,4.429,0.564,-7.542,0.419,-0.109,-0.000,0.416,0,0.900,0.416,7.542
5.711,4.846,-0.247,2.170,3.939,0.509,-7.532,0.458,-0.119,-0.000,0.425,0,0.898,0.425,7.532
5.734,4.855,-0.250,2.170,3.448,0.454,-7.521,0.432,-0.112,-0.000,0.434,0,0.896,0.434,7.521
5.756,4.865,-0.252,2.170,2.933,0.396,-7.510,0.414,-0.107,-0.000,0.444,0,0.895,0.443,7.509
5.778,4.875,-0.255,2.170,2.439,0.340,-7.498,0.452,-0.117,-0.000,0.453,0,0.893,0.453,7.497
5.801,4.884,-0.257,2.170,1.955,0.286,-7.486,0.443,-0.115,-0.000,0.462,0,0.891,0.462,7.485
5.822,4.895,-0.260,2.170,1.668,0.251,-7.480,0.413,-0.107,-0.000,0.473,0,0.889,0.473,7.479
5.844,4.907,-0.262,2.170,1.525,0.230,-7.478,0.507,-0.121,-0.000,0.484,0,0.887,0.483,7.478
5.866,4.918,-0.265,2.170,1.384,0.209,-7.477,0.525,-0.121,0.000,0.495,0,0.885,0.494,7.476
5.889,4.929,-0.268,2.170,1.237,0.188,-7.475,0.501,-0.115,0.000,0.506,0,0.882,0.506,7.474
5.911,4.941,-0.270,2.170,1.090,0.166,-7.473,0.517,-0.119,0.000,0.517,0,0.880,0.517,7.472
5.933,4.952,-0.273,2.170,0.947,0.145,-7.471,0.536,-0.123,0.000,0.528,0,0.878,0.528,7.471
5.955,4.964,-0.276,2.170,0.801,0.124,-7.469,0.510,-0.117,0.000,0.540,0,0.876,0.539,7.469
5.978,4.976,-0.278,2.170,0.654,0.103,-7.467,0.513,-0.118,0.000,0.551,0,0.873,0.551,7.467
6.000,4.988,-0.281,2.170,0.505,0.081,-7.465,0.514,-0.118,0.000,0.563,0,0.871,0.562,7.465
6.022,4.999,-0.284,2.170,0.360,0.060,-7.463,0.535,-0.123,0.000,0.574,0,0.869,0.574,7.462
6.044,5.010,-0.286,2.170,0.215,0.039,-7.461,0.520,-0.120,0.000,0.585,0,0.866,0.585,7.460
6.066,5.022,-0.289,2.170,0.121,0.079,-7.462,0.533,-0.123,0.000,0.597,0,0.864,0.596,7.461
6.089,5.036,-0.293,2.170,0.108,0.234,-7.468,0.511,-0.126,-0.000,0.611,0,0.861,0.610,7.468
6.111,5.049,-0.297,2.170,0.094,0.387,-7.475,0.605,-0.178,-0.002,0.624,0,0.859,0.624,7.474
6.133,5.062,-0.301,2.170,0.082,0.536,-7.481,0.619,-0.182,-0.002,0.638,0,0.856,0.637,7.480
6.156,5.076,-0.305,2.170,0.068,0.688,-7.487,0.589,-0.173,-0.002,0.651,0,0.853,0.651,7.487
6.178,5.089,-0.309,2.170,0.055,0.841,-7.494,0.595,-0.175,-0.002,0.665,0,0.850,0.665,7.493
6.200,5.103,-0.313,2.170,0.042,0.994,-7.500,0.603,-0.177,-0.002,0.679,0,0.848,0.679,7.500
6.223,5.116,-0.317,2.170,0.028,1.145,-7.507,0.609,-0.179,-0.002,0.693,0,0.845,0.692,7.506
6.245,5.130,-0.321,2.170,0.015,1.299,-7.514,0.588,-0.173,-0.002,0.707,0,0.842,0.706,7.513
6.267,5.143,-0.325,2.170,0.002,1.449,-7.520,0.616,-0.181,-0.002,0.720,0,0.839,0.720,7.520
6.290,5.156,-0.329,2.170,-0.012,1.604,-7.527,0.584,-0.172,-0.002,0.734,0,0.836,0.734,7.526
6.312,5.170,-0.333,2.170,0.039,1.831,-7.536,0.616,-0.181,-0.002,0.748,0,0.834,0.747,7.536
6.334,5.182,-0.337,2.170,0.371,2.393,-7.555,0.596,-0.179,-0.002,0.761,0,0.831,0.760,7.555
6.356,5.195,-0.341,2.170,0.699,2.947,-7.571,0.577,-0.200,-0.003,0.774,0,0.828,0.774,7.570
6.378,5.207,-0.346,2.170,1.033,3.513,-7.584,0.557,-0.193,-0.003,0.787,0,0.826,0.787,7.583
6.400,5.220,-0.350,2.169,1.365,4.076,-7.593,0.571,-0.198,-0.003,0.801,0,0.823,0.800,7.592
6.422,5.233,-0.355,2.169,1.696,4.635,-7.599,0.572,-0.199,-0.003,0.814,0,0.821,0.813,7.598
6.445,5.245,-0.359,2.169,2.026,5.194,-7.602,0.569,-0.198,-0.003,0.827,0,0.818,0.826,7.601
6.468,5.258,-0.363,2.169,2.368,5.771,-7.601,0.550,-0.191,-0.003,0.841,0,0.815,0.840,7.601
6.489,5.271,-0.368,2.169,2.707,6.343,-7.597,0.573,-0.199,-0.003,0.854,0,0.812,0.854,7.597
6.511,5.283,-0.372,2.169,3.028,6.883,-7.590,0.603,-0.209,-0.003,0.867,0,0.810,0.866,7.590
6.533,5.295,-0.376,2.169,3.357,7.438,-7.580,0.553,-0.192,-0.003,0.880,0,0.807,0.879,7.580
6.556,5.308,-0.381,2.169,3.673,7.959,-7.568,0.562,-0.195,-0.003,0.893,0,0.805,0.893,7.568
6.578,5.317,-0.383,2.169,3.675,7.778,-7.584,0.545,-0.189,-0.003,0.902,0,0.803,0.901,7.584
6.601,5.325,-0.385,2.169,3.677,7.603,-7.599,0.394,-0.088,-0.002,0.910,0,0.801,0.910,7.599
6.622,5.334,-0.386,2.169,3.679,7.431,-7.615,0.384,-0.084,-0.002,0.919,0,0.799,0.918,7.614
6.645,5.342,-0.388,2.169,3.680,7.265,-7.629,0.396,-0.087,-0.002,0.927,0,0.798,0.926,7.629
6.667,5.351,-0.390,2.169,3.682,7.084,-7.645,0.347,-0.076,-0.002,0.936,0,0.796,0.935,7.645
6.689,5.359,-0.392,2.169,3.685,6.915,-7.660,0.405,-0.089,-0.002,0.944,0,0.794,0.943,7.659
6.712,5.367,-0.394,2.169,3.687,6.737,-7.676,0.363,-0.080,-0.002,0.953,0,0.793,0.952,7.675
6.733,5.376,-0.396,2.169,3.689,6.562,-7.691,0.383,-0.084,-0.002,0.961,0,0.791,0.961,7.690
6.756,5.384,-0.397,2.169,3.691,6.395,-7.706,0.399,-0.088,-0.002,0.969,0,0.789,0.969,7.705
6.778,5.393,-0.399,2.169,3.693,6.220,-7.721,0.363,-0.080,-0.002,0.978,0,0.787,0.977,7.721
6.801,5.401,-0.401,2.168,3.695,6.047,-7.736,0.383,-0.084,-0.002,0.986,0,0.786,0.986,7.736
6.822,5.407,-0.401,2.169,3.693,6.175,-7.725,0.362,-0.080,-0.002,0.992,0,0.784,0.992,7.724
6.844,5.413,-0.400,2.169,3.690,6.372,-7.707,0.313,0.006,0.001,0.997,0,0.784,0.996,7.707
6.866,5.418,-0.400,2.169,3.687,6.578,-7.689,0.241,0.029,0.002,1.002,0,0.783,1.001,7.688
6.888,5.424,-0.399,2.169,3.683,6.791,-7.670,0.245,0.030,0.002,1.007,0,0.782,1.006,7.669
6.911,5.430,-0.398,2.169,3.680,6.997,-7.651,0.261,0.031,0.002,1.011,0,0.781,1.011,7.651
6.933,5.435,-0.398,2.169,3.677,7.207,-7.632,0.249,0.030,0.002,1.016,0,0.780,1.016,7.632
6.955,5.441,-0.397,2.169,3.674,7.415,-7.614,0.255,0.031,0.002,1.021,0,0.779,1.021,7.613
6.977,5.446,-0.396,2.169,3.671,7.627,-7.595,0.248,0.030,0.002,1.026,0,0.778,1.026,7.594
7.000,5.452,-0.396,2.169,3.668,7.834,-7.576,0.259,0.031,0.002,1.031,0,0.777,1.030,7.576
7.023,5.458,-0.395,2.169,3.664,8.054,-7.557,0.239,0.029,0.002,1.036,0,0.776,1.036,7.556
7.044,5.464,-0.394,2.169,3.662,8.266,-7.538,0.262,0.032,0.002,1.041,0,0.775,1.041,7.537
7.067,5.467,-0.393,2.169,3.532,8.283,-7.534,0.265,0.032,0.002,1.044,0,0.774,1.044,7.534
7.089,5.469,-0.390,2.169,3.298,8.157,-7.541,0.169,0.064,0.002,1.044,0,0.774,1.044,7.541
7.111,5.470,-0.387,2.169,3.068,8.033,-7.548,0.064,0.126,0.004,1.045,0,0.774,1.044,7.547
7.134,5.472,-0.385,2.169,2.833,7.907,-7.554,0.062,0.122,0.003,1.045,0,0.774,1.044,7.554
7.156,5.473,-0.382,2.169,2.597,7.780,-7.560,0.063,0.123,0.003,1.045,0,0.774,1.045,7.559
7.179,5.474,-0.379,2.169,2.371,7.658,-7.565,0.066,0.129,0.004,1.046,0,0.774,1.045,7.564
7.201,5.476,-0.376,2.169,2.134,7.530,-7.569,0.060,0.118,0.003,1.046,0,0.774,1.045,7.569
7.222,5.477,-0.373,2.169,1.905,7.407,-7.573,0.066,0.129,0.004,1.046,0,0.774,1.046,7.573
7.244,5.479,-0.371,2.170,1.686,7.289,-7.577,0.066,0.129,0.004,1.047,0,0.774,1.046,7.576
7.266,5.480,-0.368,2.170,1.458,7.166,-7.580,0.061,0.120,0.003,1.047,0,0.774,1.046,7.579
7.289,5.481,-0.365,2.170,1.223,7.039,-7.583,0.061,0.120,0.003,1.047,0,0.774,1.047,7.582
7.312,5.482,-0.363,2.170,1.026,6.800,-7.587,0.063,0.124,0.003,1.047,0,0.774,1.047,7.587
7.333,5.481,-0.360,2.170,0.939,6.265,-7.597,0.045,0.124,0.004,1.045,0,0.774,1.045,7.597
7.355,5.480,-0.357,2.170,0.857,5.758,-7.606,-0.048,0.126,0.007,1.044,0,0.775,1.043,7.605
7.378,5.479,-0.355,2.170,0.770,5.225,-7.614,-0.043,0.113,0.007,1.042,0,0.775,1.041,7.614
7.401,5.478,-0.352,2.170,0.684,4.696,-7.622,-0.046,0.120,0.007,1.040,0,0.775,1.039,7.621
7.423,5.477,-0.349,2.171,0.596,4.154,-7.629,-0.045,0.116,0.007,1.038,0,0.776,1.037,7.628
7.444,5.476,-0.347,2.171,0.512,3.632,-7.635,-0.047,0.123,0.007,1.036,0,0.776,1.036,7.634
7.467,5.475,-0.344,2.171,0.428,3.114,-7.640,-0.046,0.120,0.007,1.034,0,0.776,1.034,7.639
7.489,5.474,-0.341,2.171,0.341,2.575,-7.644,-0.044,0.114,0.007,1.032,0,0.777,1.032,7.644
7.511,5.473,-0.339,2.171,0.257,2.052,-7.648,-0.047,0.122,0.007,1.031,0,0.777,1.030,7.647
7.533,5.472,-0.336,2.171,0.174,1.535,-7.651,-0.046,0.120,0.007,1.029,0,0.777,1.028,7.650
7.556,5.471,-0.334,2.171,0.094,1.050,-7.652,-0.045,0.117,0.007,1.027,0,0.778,1.026,7.652
7.578,5.472,-0.332,2.172,0.085,1.126,-7.649,-0.044,0.114,0.007,1.027,0,0.778,1.027,7.648
7.600,5.473,-0.331,2.172,0.076,1.197,-7.645,0.040,0.061,0.006,1.028,0,0.778,1.027,7.645
7.622,5.474,-0.330,2.172,0.067,1.269,-7.642,0.037,0.056,0.005,1.028,0,0.777,1.028,7.642
7.644,5.475,-0.328,2.172,0.057,1.341,-7.639,0.038,0.058,0.005,1.029,0,0.777,1.028,7.638
7.667,5.476,-0.327,2.172,0.048,1.414,-7.635,0.038,0.057,0.005,1.029,0,0.777,1.028,7.635
7.689,5.476,-0.326,2.172,0.039,1.489,-7.632,0.037,0.056,0.005,1.029,0,0.777,1.029,7.632
7.711,5.477,-0.325,2.172,0.030,1.561,-7.629,0.039,0.059,0.005,1.030,0,0.777,1.029,7.628
7.734,5.478,-0.323,2.172,0.021,1.633,-7.626,0.039,0.058,0.005,1.030,0,0.777,1.030,7.625
7.756,5.479,-0.322,2.173,0.011,1.708,-7.622,0.036,0.054,0.005,1.031,0,0.777,1.030,7.622
7.778,5.480,-0.321,2.173,0.002,1.780,-7.619,0.040,0.060,0.005,1.031,0,0.777,1.030,7.618
7.800,5.481,-0.320,2.173,-0.007,1.851,-7.616,0.039,0.058,0.005,1.031,0,0.777,1.031,7.615
7.823,5.481,-0.319,2.173,-0.265,2.809,-7.599,0.037,0.056,0.005,1.031,0,0.777,1.031,7.598
7.845,5.480,-0.319,2.173,-0.593,4.014,-7.584,-0.006,0.017,0.001,1.031,0,0.777,1.030,7.584
7.867,5.480,-0.319,2.173,-0.917,5.205,-7.576,-0.018,0.005,-0.001,1.030,0,0.777,1.030,7.576
7.889,5.479,-0.319,2.173,-1.252,6.432,-7.576,-0.017,0.005,-0.001,1.030,0,0.777,1.029,7.575
7.911,5.479,-0.319,2.173,-1.578,7.625,-7.582,-0.019,0.005,-0.001,1.029,0,0.777,1.029,7.581
7.933,5.479,-0.319,2.173,-1.907,8.825,-7.595,-0.018,0.005,-0.001,1.029,0,0.777,1.029,7.594
7.956,5.478,-0.318,2.173,-2.235,10.015,-7.615,-0.018,0.005,-0.001,1.029,0,0.777,1.028,7.614
7.978,5.478,-0.318,2.173,-2.574,11.238,-7.642,-0.018,0.005,-0.001,1.028,0,0.777,1.028,7.642
8.001,5.477,-0.318,2.173,-2.914,12.457,-7.678,-0.018,0.005,-0.001,1.028,0,0.778,1.027,7.677
8.023,5.477,-0.318,2.173,-3.259,13.686,-7.721,-0.018,0.005,-0.001,1.027,0,0.777,1.027,7.720
8.044,5.476,-0.318,2.173,-3.595,14.873,-7.770,-0.019,0.005,-0.001,1.027,0,0.778,1.026,7.770
8.068,5.473,-0.319,2.173,-3.630,14.997,-7.764,-0.018,0.005,-0.001,1.024,0,0.778,1.023,7.764
8.089,5.463,-0.321,2.173,-3.356,14.032,-7.698,-0.145,-0.027,-0.000,1.015,0,0.780,1.015,7.698
8.111,5.454,-0.323,2.173,-3.112,13.168,-7.644,-0.468,-0.102,0.000,1.007,0,0.782,1.007,7.643
8.133,5.445,-0.325,2.173,-2.856,12.255,-7.590,-0.396,-0.087,0.000,0.999,0,0.783,0.999,7.590
8.156,5.436,-0.327,2.173,-2.608,11.363,-7.542,-0.429,-0.094,0.000,0.991,0,0.785,0.991,7.542
8.178,5.426,-0.329,2.173,-2.355,10.448,-7.497,-0.409,-0.089,0.000,0.983,0,0.787,0.983,7.496
8.200,5.417,-0.331,2.173,-2.104,9.535,-7.456,-0.420,-0.092,0.000,0.975,0,0.789,0.974,7.456
8.222,5.408,-0.333,2.173,-1.856,8.628,-7.420,-0.422,-0.092,0.000,0.967,0,0.790,0.966,7.419
8.245,5.399,-0.335,2.173,-1.608,7.719,-7.387,-0.418,-0.091,0.000,0.959,0,0.792,0.958,7.387
8.268,5.389,-0.337,2.173,-1.360,6.801,-7.358,-0.415,-0.091,0.000,0.951,0,0.794,0.950,7.358
8.289,5.379,-0.339,2.173,-1.104,5.855,-7.333,-0.407,-0.089,0.000,0.943,0,0.795,0.942,7.333
8.311,5.370,-0.341,2.173,-0.876,5.000,-7.315,-0.450,-0.098,0.000,0.935,0,0.797,0.934,7.314
8.334,5.360,-0.345,2.173,-0.807,4.605,-7.323,-0.412,-0.090,0.000,0.927,0,0.799,0.926,7.323
8.356,5.350,-0.348,2.173,-0.736,4.202,-7.332,-0.458,-0.158,0.006,0.918,0,0.800,0.918,7.332
8.378,5.339,-0.352,2.173,-0.664,3.796,-7.341,-0.464,-0.160,0.006,0.910,0,0.802,0.910,7.341
8.401,5.329,-0.355,2.173,-0.594,3.402,-7.351,-0.482,-0.166,0.006,0.902,0,0.803,0.901,7.351
8.422,5.318,-0.359,2.173,-0.520,2.983,-7.362,-0.440,-0.152,0.005,0.893,0,0.805,0.893,7.361
8.444,5.308,-0.363,2.173,-0.453,2.606,-7.372,-0.520,-0.179,0.006,0.886,0,0.807,0.885,7.372
8.467,5.298,-0.366,2.174,-0.383,2.210,-7.383,-0.446,-0.154,0.005,0.878,0,0.808,0.878,7.383
8.489,5.288,-0.370,2.174,-0.311,1.802,-7.395,-0.453,-0.156,0.006,0.870,0,0.810,0.869,7.395
8.511,5.277,-0.373,2.174,-0.240,1.402,-7.408,-0.478,-0.165,0.006,0.862,0,0.811,0.862,7.407
8.534,5.267,-0.377,2.174,-0.168,0.995,-7.421,-0.459,-0.158,0.006,0.854,0,0.813,0.854,7.420
8.556,5.256,-0.381,2.174,-0.097,0.596,-7.434,-0.476,-0.164,0.006,0.847,0,0.814,0.846,7.433
8.578,5.248,-0.385,2.174,-0.072,0.454,-7.452,-0.459,-0.158,0.006,0.841,0,0.815,0.841,7.452
8.601,5.240,-0.390,2.174,-0.065,0.409,-7.472,-0.391,-0.211,0.002,0.837,0,0.816,0.836,7.471
8.622,5.232,-0.395,2.174,-0.057,0.362,-7.492,-0.326,-0.206,0.001,0.832,0,0.817,0.831,7.492
8.644,5.225,-0.400,2.174,-0.050,0.319,-7.511,-0.383,-0.242,0.001,0.828,0,0.818,0.827,7.510
8.667,5.217,-0.404,2.174,-0.043,0.275,-7.530,-0.333,-0.211,0.001,0.823,0,0.819,0.823,7.530
8.689,5.209,-0.409,2.174,-0.036,0.229,-7.550,-0.332,-0.210,0.001,0.819,0,0.819,0.819,7.550
8.712,5.202,-0.414,2.174,-0.028,0.183,-7.570,-0.350,-0.222,0.001,0.815,0,0.820,0.814,7.570
8.734,5.194,-0.419,2.174,-0.021,0.137,-7.590,-0.340,-0.216,0.001,0.811,0,0.821,0.810,7.590
8.756,5.186,-0.424,2.174,-0.014,0.092,-7.610,-0.361,-0.229,0.001,0.807,0,0.822,0.806,7.609
8.778,5.179,-0.429,2.174,-0.006,0.047,-7.629,-0.346,-0.219,0.001,0.803,0,0.823,0.802,7.629
8.800,5.171,-0.434,2.174,0.001,0.002,-7.649,-0.341,-0.216,0.001,0.799,0,0.823,0.798,7.648
8.823,5.165,-0.439,2.174,0.351,-0.016,-7.664,-0.338,-0.214,0.001,0.797,0,0.824,0.796,7.663
8.845,5.160,-0.445,2.174,0.928,-0.015,-7.675,-0.259,-0.238,-0.001,0.796,0,0.824,0.796,7.675
8.867,5.156,-0.450,2.174,1.466,-0.015,-7.686,-0.226,-0.269,-0.003,0.795,0,0.824,0.795,7.686
8.890,5.151,-0.456,2.174,2.040,-0.014,-7.698,-0.198,-0.236,-0.002,0.795,0,0.824,0.794,7.697
8.911,5.146,-0.462,2.174,2.600,-0.014,-7.709,-0.217,-0.257,-0.002,0.794,0,0.824,0.794,7.708
8.934,5.142,-0.467,2.174,3.146,-0.013,-7.720,-0.217,-0.258,-0.002,0.794,0,0.824,0.793,7.719
8.956,5.137,-0.473,2.174,3.714,-0.012,-7.731,-0.203,-0.242,-0.002,0.793,0,0.824,0.793,7.730
8.978,5.132,-0.478,2.174,4.279,-0.011,-7.742,-0.212,-0.252,-0.002,0.793,0,0.824,0.792,7.742
9.001,5.127,-0.484,2.174,4.837,-0.010,-7.753,-0.214,-0.255,-0.002,0.792,0,0.824,0.792,7.753
9.022,5.123,-0.489,2.174,5.401,-0.008,-7.765,-0.209,-0.248,-0.002,0.792,0,0.824,0.792,7.764
9.044,5.118,-0.495,2.174,5.941,-0.007,-7.775,-0.221,-0.262,-0.003,0.792,0,0.825,0.791,7.775
9.067,5.115,-0.499,2.174,6.094,-0.005,-7.781,-0.206,-0.245,-0.002,0.792,0,0.825,0.791,7.780
9.089,5.113,-0.502,2.174,5.735,-0.004,-7.779,-0.162,-0.205,-0.002,0.792,0,0.824,0.792,7.778
9.111,5.112,-0.505,2.174,5.386,-0.002,-7.777,-0.065,-0.121,-0.001,0.793,0,0.824,0.793,7.777
9.134,5.110,-0.507,2.174,5.026,-0.000,-7.775,-0.061,-0.114,-0.001,0.794,0,0.824,0.793,7.775
9.155,5.109,-0.510,2.174,4.674,0.001,-7.774,-0.065,-0.121,-0.001,0.794,0,0.824,0.794,7.773
9.178,5.108,-0.513,2.174,4.334,0.003,-7.772,-0.066,-0.122,-0.001,0.795,0,0.824,0.794,7.772
9.200,5.106,-0.515,2.174,3.979,0.005,-7.771,-0.061,-0.113,-0.001,0.795,0,0.824,0.795,7.770
9.222,5.105,-0.518,2.174,3.626,0.006,-7.769,-0.064,-0.119,-0.001,0.796,0,0.824,0.796,7.768
9.244,5.103,-0.520,2.174,3.272,0.008,-7.767,-0.063,-0.117,-0.001,0.797,0,0.824,0.796,7.767
9.267,5.102,-0.523,2.174,2.921,0.010,-7.766,-0.064,-0.119,-0.001,0.797,0,0.823,0.797,7.765
9.289,5.100,-0.526,2.174,2.564,0.012,-7.764,-0.062,-0.116,-0.001,0.798,0,0.823,0.798,7.763
9.311,5.099,-0.528,2.174,2.247,0.013,-7.761,-0.064,-0.120,-0.001,0.799,0,0.823,0.798,7.760
9.334,5.101,-0.530,2.173,2.067,0.013,-7.751,-0.049,-0.116,-0.001,0.801,0,0.823,0.801,7.750
9.356,5.102,-0.533,2.173,1.881,0.013,-7.741,0.065,-0.091,-0.000,0.804,0,0.822,0.804,7.740
9.378,5.104,-0.535,2.173,1.702,0.013,-7.731,0.070,-0.098,-0.001,0.806,0,0.822,0.806,7.731
9.401,5.105,-0.537,2.173,1.521,0.013,-7.721,0.067,-0.094,-0.000,0.809,0,0.821,0.809,7.721
9.422,5.107,-0.539,2.173,1.335,0.013,-7.711,0.066,-0.092,-0.000,0.812,0,0.821,0.811,7.711
9.444,5.108,-0.541,2.173,1.157,0.013,-7.701,0.070,-0.099,-0.001,0.814,0,0.820,0.814,7.701
9.467,5.110,-0.543,2.173,0.980,0.014,-7.692,0.068,-0.095,-0.000,0.817,0,0.820,0.816,7.691
9.489,5.111,-0.545,2.173,0.791,0.014,-7.682,0.063,-0.089,-0.000,0.819,0,0.819,0.819,7.681
9.511,5.113,-0.547,2.173,0.614,0.014,-7.672,0.072,-0.101,-0.001,0.822,0,0.819,0.821,7.671
9.533,5.114,-0.549,2.173,0.433,0.014,-7.662,0.066,-0.093,-0.000,0.824,0,0.818,0.824,7.662
9.557,5.116,-0.551,2.173,0.254,0.015,-7.652,0.068,-0.096,-0.001,0.827,0,0.818,0.826,7.652
9.577,5.120,-0.555,2.173,0.202,0.015,-7.643,0.062,-0.088,-0.000,0.832,0,0.817,0.831,7.642
9.600,5.123,-0.558,2.173,0.181,0.015,-7.634,0.180,-0.168,-0.002,0.837,0,0.816,0.836,7.634
9.622,5.127,-0.562,2.173,0.159,0.015,-7.625,0.161,-0.144,-0.001,0.842,0,0.815,0.841,7.625
9.644,5.131,-0.565,2.173,0.137,0.016,-7.616,0.180,-0.161,-0.002,0.847,0,0.814,0.847,7.616
9.666,5.135,-0.569,2.173,0.115,0.016,-7.607,0.179,-0.160,-0.002,0.852,0,0.813,0.852,7.607
9.689,5.139,-0.572,2.173,0.094,0.016,-7.599,0.176,-0.157,-0.002,0.858,0,0.812,0.857,7.598
9.711,5.143,-0.576,2.173,0.071,0.016,-7.589,0.173,-0.154,-0.002,0.863,0,0.811,0.862,7.589
9.732,5.147,-0.579,2.173,0.050,0.017,-7.581,0.182,-0.162,-0.002,0.868,0,0.810,0.868,7.580
9.755,5.151,-0.583,2.173,0.028,0.017,-7.572,0.182,-0.162,-0.002,0.873,0,0.809,0.873,7.572
9.777,5.155,-0.586,2.173,0.006,0.017,-7.563,0.168,-0.150,-0.002,0.879,0,0.808,0.878,7.562
9.800,5.158,-0.590,2.173,-0.016,0.017,-7.554,0.179,-0.159,-0.002,0.884,0,0.807,0.883,7.554
9.822,5.164,-0.594,2.173,0.192,0.018,-7.548,0.171,-0.153,-0.002,0.891,0,0.805,0.890,7.548
9.844,5.170,-0.598,2.173,0.553,0.019,-7.545,0.250,-0.191,-0.000,0.899,0,0.804,0.898,7.545
9.867,5.177,-0.603,2.173,0.903,0.020,-7.542,0.293,-0.210,0.001,0.906,0,0.802,0.906,7.541
9.889,5.183,-0.608,2.173,1.269,0.021,-7.539,0.271,-0.194,0.000,0.914,0,0.800,0.914,7.538
9.911,5.189,-0.612,2.173,1.619,0.022,-7.536,0.297,-0.213,0.001,0.922,0,0.799,0.921,7.535
9.933,5.196,-0.617,2.173,1.983,0.023,-7.532,0.273,-0.196,0.000,0.930,0,0.797,0.929,7.532
9.956,5.202,-0.621,2.173,2.335,0.024,-7.529,0.293,-0.210,0.001,0.937,0,0.796,0.937,7.529
9.978,5.208,-0.626,2.173,2.700,0.025,-7.526,0.275,-0.197,0.000,0.945,0,0.794,0.945,7.525
10.005,14.302,-0.900,2.179,2.531,0.004,101.386,-0.858,-0.609,0.004,9.844,0,0.175,9.843,11.385
10.023,14.280,-0.917,2.179,1.881,0.002,101.386,-0.746,-0.530,0.003,9.823,0,0.175,9.823,11.386
10.045,14.266,-0.929,2.179,1.746,0.002,101.393,-1.224,-0.936,0.003,9.810,0,0.175,9.810,11.393
10.066,14.249,-0.944,2.179,1.585,0.002,101.401,-0.655,-0.561,-0.000,9.795,0,0.175,9.794,11.401
10.089,14.232,-0.958,2.179,1.423,0.001,101.409,-0.778,-0.667,-0.000,9.779,0,0.175,9.779,11.409
10.111,14.215,-0.973,2.179,1.257,0.001,101.418,-0.764,-0.654,-0.000,9.763,0,0.175,9.763,11.417
10.133,14.197,-0.988,2.179,1.090,0.001,101.426,-0.774,-0.663,-0.000,9.747,0,0.175,9.747,11.426
10.156,14.180,-1.003,2.179,0.926,0.001,101.434,-0.797,-0.682,-0.000,9.732,0,0.175,9.731,11.434
10.178,14.162,-1.018,2.179,0.757,0.001,101.443,-0.759,-0.650,-0.000,9.716,0,0.175,9.715,11.443
10.200,14.145,-1.033,2.178,0.594,0.001,101.451,-0.806,-0.691,-0.000,9.700,0,0.175,9.700,11.451
10.223,14.128,-1.048,2.178,0.426,0.001,101.460,-0.758,-0.649,-0.000,9.685,0,0.175,9.684,11.459
10.245,14.110,-1.063,2.178,0.256,0.000,101.468,-0.776,-0.664,-0.000,9.669,0,0.175,9.668,11.468
10.267,14.093,-1.078,2.178,0.119,-0.162,101.477,-0.808,-0.692,-0.000,9.653,0,0.174,9.653,11.477
10.290,14.079,-1.093,2.178,0.107,-1.114,101.491,-0.763,-0.660,-0.001,9.641,0,0.174,9.640,11.490
10.312,14.064,-1.108,2.178,0.095,-2.076,101.504,-0.635,-0.674,-0.005,9.628,0,0.174,9.628,11.504
10.334,14.050,-1.123,2.178,0.083,-3.012,101.518,-0.660,-0.700,-0.005,9.616,0,0.174,9.615,11.517
10.357,14.036,-1.138,2.178,0.071,-3.959,101.532,-0.633,-0.672,-0.005,9.603,0,0.174,9.603,11.531
10.379,14.021,-1.154,2.178,0.058,-4.930,101.546,-0.626,-0.664,-0.005,9.591,0,0.174,9.590,11.546
10.401,14.007,-1.169,2.178,0.045,-5.881,101.560,-0.655,-0.695,-0.005,9.578,0,0.174,9.578,11.560
10.423,13.993,-1.184,2.178,0.032,-6.812,101.575,-0.655,-0.695,-0.005,9.566,0,0.174,9.566,11.574
10.445,13.978,-1.199,2.178,0.019,-7.780,101.590,-0.617,-0.655,-0.005,9.554,0,0.174,9.553,11.589
10.467,13.964,-1.214,2.177,0.005,-8.703,101.605,-0.673,-0.714,-0.006,9.542,0,0.174,9.542,11.604
10.490,13.950,-1.229,2.177,-0.009,-9.653,101.620,-0.623,-0.661,-0.005,9.530,0,0.174,9.529,11.619
10.514,13.936,-1.245,2.177,-0.023,-10.622,101.636,-0.629,-0.667,-0.005,9.517,0,0.174,9.517,11.635
10.535,13.921,-1.253,2.177,-0.026,-11.668,101.647,-0.613,-0.650,-0.005,9.504,0,0.174,9.504,11.646
10.557,13.909,-1.258,2.176,-0.025,-12.599,101.655,-0.686,-0.400,-0.017,9.492,0,0.174,9.492,11.654
10.579,13.896,-1.264,2.176,-0.025,-13.580,101.663,-0.566,-0.249,-0.017,9.480,0,0.174,9.480,11.663
10.601,13.882,-1.270,2.176,-0.025,-14.584,101.672,-0.581,-0.255,-0.017,9.468,0,0.174,9.467,11.671
10.624,13.869,-1.276,2.175,-0.024,-15.548,101.680,-0.621,-0.272,-0.018,9.456,0,0.174,9.455,11.679
10.646,13.856,-1.282,2.175,-0.024,-16.546,101.689,-0.575,-0.252,-0.017,9.443,0,0.174,9.443,11.688
10.668,13.842,-1.288,2.174,-0.025,-17.554,101.697,-0.590,-0.259,-0.017,9.431,0,0.174,9.430,11.697
10.690,13.829,-1.293,2.174,-0.025,-18.533,101.706,-0.614,-0.269,-0.018,9.418,0,0.174,9.418,11.705
10.712,13.816,-1.299,2.174,-0.025,-19.485,101.714,-0.612,-0.269,-0.018,9.406,0,0.174,9.406,11.714
10.734,13.803,-1.305,2.173,-0.026,-20.473,101.723,-0.575,-0.252,-0.017,9.394,0,0.174,9.394,11.722
10.757,13.790,-1.311,2.173,-0.027,-21.465,101.732,-0.593,-0.260,-0.017,9.382,0,0.174,9.381,11.731
10.779,13.776,-1.307,2.173,-0.025,-21.168,101.734,-0.586,-0.257,-0.017,9.368,0,0.174,9.367,11.734
10.801,13.763,-1.297,2.173,-0.021,-19.936,101.732,-0.616,0.178,-0.005,9.354,0,0.174,9.353,11.731
10.823,13.750,-1.287,2.173,-0.017,-18.695,101.729,-0.589,0.441,0.002,9.339,0,0.174,9.339,11.729
10.845,13.737,-1.278,2.173,-0.013,-17.460,101.727,-0.596,0.446,0.002,9.325,0,0.174,9.324,11.726
10.867,13.724,-1.268,2.173,-0.010,-16.219,101.725,-0.591,0.442,0.002,9.311,0,0.174,9.310,11.724
10.891,13.711,-1.258,2.173,-0.006,-14.978,101.723,-0.593,0.443,0.002,9.296,0,0.174,9.296,11.722
10.913,13.697,-1.248,2.173,-0.002,-13.669,101.720,-0.563,0.421,0.002,9.281,0,0.174,9.281,11.720
10.934,13.684,-1.238,2.173,0.001,-12.419,101.718,-0.622,0.465,0.003,9.267,0,0.174,9.266,11.718
10.956,13.671,-1.228,2.173,0.004,-11.204,101.717,-0.610,0.456,0.003,9.253,0,0.174,9.252,11.716
10.977,13.658,-1.219,2.173,0.008,-9.986,101.715,-0.593,0.443,0.002,9.239,0,0.174,9.238,11.714
10.999,13.646,-1.209,2.173,0.011,-8.798,101.713,-0.608,0.455,0.003,9.225,0,0.174,9.225,11.713
11.022,13.633,-1.199,2.173,0.013,-7.810,101.710,-0.565,0.422,0.002,9.211,0,0.174,9.211,11.709
11.045,13.621,-1.184,2.174,0.014,-7.275,101.703,-0.554,0.463,0.004,9.198,0,0.174,9.197,11.703
11.067,13.610,-1.170,2.174,0.015,-6.744,101.696,-0.508,0.620,0.010,9.185,0,0.174,9.184,11.696
11.090,13.599,-1.157,2.174,0.016,-6.228,101.690,-0.518,0.632,0.010,9.172,0,0.174,9.171,11.689
11.112,13.587,-1.143,2.174,0.016,-5.705,101.683,-0.497,0.607,0.010,9.159,0,0.174,9.158,11.682
11.134,13.576,-1.130,2.175,0.017,-5.201,101.676,-0.522,0.638,0.010,9.146,0,0.174,9.146,11.676
11.156,13.565,-1.116,2.175,0.018,-4.689,101.670,-0.497,0.607,0.010,9.134,0,0.174,9.133,11.669
11.178,13.554,-1.102,2.175,0.018,-4.168,101.663,-0.493,0.602,0.010,9.121,0,0.174,9.120,11.663
11.201,13.543,-1.089,2.175,0.018,-3.657,101.657,-0.515,0.628,0.010,9.108,0,0.174,9.108,11.656
11.224,13.532,-1.075,2.175,0.019,-3.134,101.650,-0.492,0.600,0.010,9.095,0,0.174,9.095,11.650
11.245,13.520,-1.061,2.176,0.019,-2.596,101.643,-0.490,0.599,0.010,9.082,0,0.174,9.082,11.643
11.267,13.510,-1.048,2.176,0.019,-2.212,101.638,-0.540,0.659,0.011,9.070,0,0.174,9.070,11.637
11.290,13.502,-1.035,2.176,0.020,-2.154,101.634,-0.476,0.603,0.008,9.061,0,0.174,9.060,11.633
11.312,13.493,-1.022,2.176,0.020,-2.095,101.630,-0.351,0.556,-0.002,9.051,0,0.174,9.051,11.629
11.334,13.485,-1.009,2.176,0.020,-2.037,101.625,-0.375,0.594,-0.002,9.042,0,0.174,9.041,11.625
11.357,13.477,-0.996,2.176,0.021,-1.977,101.621,-0.357,0.566,-0.002,9.032,0,0.174,9.032,11.621
11.379,13.469,-0.983,2.176,0.021,-1.918,101.617,-0.369,0.585,-0.002,9.022,0,0.174,9.022,11.617
11.401,13.461,-0.970,2.176,0.021,-1.861,101.613,-0.374,0.592,-0.002,9.013,0,0.174,9.013,11.613
11.423,13.453,-0.957,2.176,0.021,-1.803,101.609,-0.363,0.576,-0.002,9.004,0,0.174,9.003,11.609
11.445,13.444,-0.944,2.175,0.022,-1.743,101.605,-0.355,0.562,-0.002,8.994,0,0.174,8.994,11.604
11.467,13.436,-0.932,2.175,0.022,-1.685,101.601,-0.378,0.598,-0.002,8.985,0,0.174,8.984,11.600
11.490,13.428,-0.919,2.175,0.022,-1.627,101.597,-0.365,0.578,-0.002,8.975,0,0.174,8.975,11.596
11.512,13.420,-0.906,2.175,0.022,-1.568,101.593,-0.360,0.570,-0.002,8.966,0,0.174,8.965,11.592
11.534,13.414,-0.893,2.175,0.022,-1.490,101.593,-0.366,0.580,-0.002,8.959,0,0.174,8.958,11.593
11.561,13.409,-0.881,2.175,0.021,-1.411,101.594,-0.268,0.571,-0.005,8.952,0,0.174,8.952,11.593
11.578,13.402,-0.866,2.175,0.020,-1.314,101.595,-0.199,0.447,-0.004,8.944,0,0.174,8.944,11.594
11.601,13.398,-0.857,2.175,0.019,-1.253,101.595,-0.393,0.882,-0.008,8.939,0,0.174,8.939,11.595
11.623,13.392,-0.844,2.175,0.018,-1.172,101.596,-0.185,0.415,-0.004,8.932,0,0.174,8.932,11.595
11.645,13.387,-0.832,2.175,0.017,-1.092,101.597,-0.250,0.560,-0.005,8.926,0,0.174,8.925,11.596
11.667,13.381,-0.820,2.175,0.016,-1.014,101.597,-0.254,0.569,-0.005,8.919,0,0.174,8.919,11.597
11.689,13.376,-0.808,2.174,0.015,-0.935,101.598,-0.244,0.548,-0.005,8.913,0,0.174,8.912,11.598
11.712,13.371,-0.795,2.174,0.014,-0.856,101.599,-0.247,0.554,-0.005,8.906,0,0.174,8.906,11.598
11.734,13.365,-0.783,2.174,0.013,-0.773,101.600,-0.235,0.526,-0.005,8.899,0,0.174,8.899,11.599
11.756,13.359,-0.771,2.174,0.012,-0.696,101.600,-0.266,0.596,-0.005,8.893,0,0.174,8.892,11.600
11.779,13.355,-0.758,2.174,0.013,-1.556,101.603,-0.239,0.536,-0.005,8.888,0,0.174,8.887,11.603
11.800,13.352,-0.744,2.174,0.014,-3.009,101.608,-0.176,0.574,-0.008,8.883,0,0.174,8.883,11.607
11.824,13.349,-0.731,2.173,0.014,-4.347,101.612,-0.156,0.658,-0.011,8.879,0,0.174,8.879,11.611
11.845,13.346,-0.717,2.173,0.015,-5.874,101.616,-0.126,0.530,-0.009,8.875,0,0.174,8.874,11.616
11.867,13.343,-0.704,2.173,0.016,-7.217,101.620,-0.164,0.688,-0.012,8.871,0,0.174,8.870,11.620
11.889,13.340,-0.691,2.173,0.016,-8.609,101.624,-0.139,0.584,-0.010,8.866,0,0.174,8.866,11.624
11.911,13.336,-0.677,2.173,0.016,-10.012,101.628,-0.143,0.600,-0.010,8.862,0,0.174,8.862,11.628
11.935,13.333,-0.664,2.172,0.017,-11.456,101.633,-0.140,0.588,-0.010,8.858,0,0.174,8.858,11.632
11.956,13.330,-0.650,2.172,0.017,-12.941,101.637,-0.140,0.588,-0.010,8.854,0,0.174,8.853,11.637
11.978,13.327,-0.636,2.172,0.017,-14.324,101.641,-0.155,0.650,-0.011,8.850,0,0.174,8.849,11.641
12.000,13.324,-0.623,2.172,0.017,-15.686,101.646,-0.146,0.614,-0.011,8.846,0,0.174,8.845,11.645
12.023,13.321,-0.607,2.171,0.016,-15.969,101.650,-0.138,0.579,-0.010,8.841,0,0.174,8.841,11.649
12.046,13.318,-0.584,2.171,0.016,-14.811,101.653,-0.131,0.697,-0.007,8.837,0,0.174,8.837,11.653
12.067,13.315,-0.562,2.171,0.015,-13.699,101.657,-0.122,1.029,0.000,8.833,0,0.174,8.833,11.656
12.090,13.313,-0.542,2.171,0.015,-12.646,101.660,-0.124,1.045,0.000,8.829,0,0.174,8.829,11.660
12.112,13.310,-0.519,2.171,0.015,-11.500,101.664,-0.108,0.909,0.000,8.825,0,0.174,8.825,11.663
12.134,13.307,-0.497,2.171,0.014,-10.404,101.667,-0.123,1.034,0.000,8.821,0,0.174,8.821,11.667
12.156,13.305,-0.475,2.171,0.014,-9.289,101.670,-0.115,0.972,0.000,8.818,0,0.174,8.817,11.670
12.178,13.302,-0.453,2.171,0.014,-8.175,101.674,-0.117,0.990,0.000,8.814,0,0.174,8.813,11.673
12.201,13.300,-0.431,2.171,0.014,-7.066,101.677,-0.118,0.994,0.000,8.810,0,0.174,8.810,11.677
12.223,13.297,-0.409,2.171,0.014,-5.960,101.681,-0.118,0.991,0.000,8.807,0,0.174,8.806,11.680
12.245,13.294,-0.387,2.171,0.014,-4.829,101.684,-0.115,0.967,0.000,8.803,0,0.174,8.802,11.684
12.268,13.292,-0.365,2.171,0.060,-3.749,101.686,-0.119,1.006,0.000,8.799,0,0.174,8.799,11.686
12.290,13.290,-0.343,2.172,1.216,-3.449,101.663,-0.118,0.998,0.000,8.797,0,0.174,8.797,11.663
12.312,13.289,-0.321,2.172,2.383,-3.145,101.646,-0.062,0.965,0.005,8.795,0,0.174,8.794,11.646
12.334,13.288,-0.300,2.172,3.538,-2.844,101.636,-0.063,0.985,0.005,8.793,0,0.174,8.792,11.635
12.357,13.286,-0.278,2.172,4.715,-2.537,101.631,-0.061,0.957,0.005,8.791,0,0.174,8.790,11.630
12.379,13.285,-0.255,2.172,5.915,-2.225,101.633,-0.061,0.956,0.005,8.788,0,0.174,8.788,11.632
12.401,13.283,-0.234,2.172,7.059,-1.927,101.640,-0.065,1.022,0.006,8.787,0,0.174,8.786,11.640
12.423,13.282,-0.213,2.172,8.202,-1.629,101.654,-0.062,0.975,0.005,8.785,0,0.174,8.784,11.653
12.446,13.281,-0.191,2.172,9.352,-1.330,101.674,-0.062,0.970,0.005,8.783,0,0.174,8.782,11.673
12.467,13.279,-0.170,2.173,10.516,-1.027,101.700,-0.062,0.963,0.005,8.781,0,0.174,8.780,11.699
12.490,13.278,-0.149,2.173,11.627,-0.739,101.730,-0.065,1.021,0.006,8.779,0,0.174,8.779,11.730
12.512,13.277,-0.127,2.173,12.817,-0.431,101.769,-0.058,0.911,0.005,8.777,0,0.174,8.777,11.769
12.534,13.269,-0.109,2.173,13.494,-0.327,101.778,-0.064,0.998,0.006,8.770,0,0.174,8.769,11.778
12.557,13.259,-0.092,2.173,13.987,-0.296,101.775,-0.343,0.817,-0.003,8.760,0,0.174,8.759,11.774
12.578,13.249,-0.075,2.172,14.499,-0.263,101.771,-0.425,0.717,-0.006,8.750,0,0.174,8.749,11.771
12.600,13.240,-0.059,2.172,14.979,-0.232,101.769,-0.471,0.795,-0.006,8.740,0,0.174,8.739,11.768
12.623,13.230,-0.043,2.172,15.483,-0.200,101.766,-0.420,0.709,-0.006,8.730,0,0.174,8.729,11.765
12.645,13.220,-0.026,2.172,15.981,-0.168,101.764,-0.446,0.754,-0.006,8.720,0,0.174,8.720,11.763
12.667,13.210,-0.010,2.172,16.479,-0.136,101.762,-0.440,0.744,-0.006,8.710,0,0.174,8.710,11.761
12.690,13.200,0.007,2.172,16.983,-0.103,101.760,-0.437,0.738,-0.006,8.700,0,0.174,8.700,11.759
12.712,13.191,0.024,2.172,17.480,-0.071,101.758,-0.447,0.755,-0.006,8.691,0,0.174,8.690,11.758
12.735,13.181,0.041,2.172,17.991,-0.038,101.757,-0.429,0.724,-0.006,8.681,0,0.174,8.680,11.757
12.757,13.171,0.057,2.171,18.491,-0.006,101.756,-0.451,0.761,-0.006,8.671,0,0.174,8.670,11.756
12.779,13.157,0.072,2.171,18.596,0.011,101.749,-0.443,0.749,-0.006,8.657,0,0.174,8.656,11.748
12.801,13.135,0.083,2.172,18.291,0.013,101.735,-0.629,0.650,-0.001,8.635,0,0.174,8.634,11.734
12.824,13.113,0.093,2.172,17.995,0.014,101.721,-1.017,0.504,0.007,8.614,0,0.174,8.613,11.721
12.845,13.091,0.105,2.172,17.685,0.016,101.707,-0.947,0.470,0.007,8.591,0,0.174,8.591,11.706
12.868,13.069,0.115,2.172,17.389,0.018,101.693,-1.034,0.513,0.007,8.570,0,0.174,8.569,11.693
12.890,13.047,0.126,2.172,17.080,0.019,101.679,-0.945,0.469,0.007,8.548,0,0.174,8.547,11.678
12.912,13.025,0.137,2.172,16.781,0.020,101.665,-1.027,0.510,0.007,8.526,0,0.174,8.526,11.664
12.935,13.003,0.148,2.172,16.476,0.022,101.651,-0.965,0.479,0.007,8.504,0,0.174,8.504,11.650
12.958,12.981,0.159,2.173,16.171,0.023,101.636,-0.990,0.491,0.007,8.482,0,0.174,8.482,11.636
12.979,12.958,0.170,2.173,15.858,0.024,101.622,-0.964,0.478,0.007,8.460,0,0.174,8.459,11.621
13.001,12.937,0.181,2.173,15.567,0.025,101.608,-1.066,0.529,0.007,8.439,0,0.174,8.438,11.608
13.024,12.914,0.191,2.173,15.291,0.026,101.596,-0.952,0.472,0.007,8.416,0,0.174,8.416,11.596
13.046,12.883,0.197,2.173,15.091,0.027,101.589,-1.007,0.446,0.008,8.385,0,0.174,8.384,11.589
13.068,12.852,0.203,2.174,14.898,0.027,101.583,-1.405,0.278,0.014,8.355,0,0.174,8.354,11.583
13.090,12.822,0.209,2.174,14.704,0.027,101.577,-1.362,0.270,0.013,8.325,0,0.174,8.324,11.576
13.112,12.793,0.215,2.174,14.516,0.028,101.570,-1.397,0.277,0.014,8.295,0,0.174,8.295,11.570
13.135,12.763,0.221,2.175,14.323,0.028,101.564,-1.336,0.265,0.013,8.266,0,0.174,8.265,11.564
13.158,12.732,0.227,2.175,14.128,0.028,101.558,-1.345,0.266,0.013,8.235,0,0.174,8.235,11.557
13.179,12.700,0.233,2.175,13.925,0.028,101.551,-1.311,0.260,0.013,8.204,0,0.174,8.203,11.550
13.200,12.672,0.239,2.175,13.743,0.029,101.545,-1.520,0.301,0.015,8.175,0,0.174,8.175,11.544
13.223,12.642,0.245,2.176,13.552,0.029,101.539,-1.302,0.258,0.013,8.146,0,0.174,8.145,11.538
13.245,12.611,0.251,2.176,13.354,0.029,101.532,-1.307,0.259,0.013,8.115,0,0.174,8.114,11.531
13.268,12.581,0.257,2.176,13.169,0.029,101.527,-1.419,0.281,0.014,8.085,0,0.174,8.085,11.526
13.290,12.545,0.259,2.177,13.027,0.027,101.529,-1.338,0.256,0.013,8.049,0,0.174,8.048,11.528
13.313,12.509,0.260,2.177,12.886,0.025,101.531,-1.611,0.083,0.012,8.013,0,0.174,8.012,11.530
13.335,12.472,0.262,2.177,12.742,0.024,101.533,-1.593,0.082,0.012,7.976,0,0.174,7.976,11.533
13.357,12.437,0.264,2.177,12.605,0.022,101.535,-1.689,0.087,0.013,7.941,0,0.174,7.940,11.535
13.378,12.401,0.266,2.178,12.465,0.020,101.538,-1.580,0.082,0.012,7.905,0,0.174,7.905,11.537
13.401,12.366,0.268,2.178,12.329,0.019,101.540,-1.667,0.086,0.012,7.870,0,0.174,7.870,11.539
13.424,12.330,0.270,2.178,12.188,0.017,101.542,-1.560,0.081,0.012,7.834,0,0.174,7.834,11.542
13.445,12.293,0.272,2.179,12.044,0.015,101.544,-1.579,0.082,0.012,7.798,0,0.174,7.797,11.544
13.468,12.258,0.273,2.179,11.907,0.014,101.547,-1.699,0.088,0.013,7.763,0,0.174,7.762,11.546
13.490,12.222,0.275,2.179,11.766,0.012,101.549,-1.565,0.081,0.012,7.726,0,0.174,7.726,11.548
13.513,12.185,0.277,2.179,11.625,0.011,101.551,-1.614,0.083,0.012,7.690,0,0.174,7.690,11.551
13.535,12.144,0.276,2.179,11.522,0.008,101.556,-1.555,0.080,0.012,7.649,0,0.174,7.648,11.556
13.557,12.105,0.274,2.180,11.438,0.006,101.561,-1.967,-0.053,0.009,7.610,0,0.174,7.610,11.561
13.579,12.064,0.273,2.180,11.347,0.004,101.567,-1.699,-0.073,0.007,7.569,0,0.174,7.569,11.566
13.601,12.025,0.271,2.180,11.261,0.001,101.572,-1.904,-0.082,0.008,7.530,0,0.174,7.529,11.571
13.624,11.984,0.269,2.180,11.172,-0.001,101.577,-1.776,-0.076,0.007,7.489,0,0.174,7.489,11.577
13.646,11.942,0.267,2.180,11.080,-0.003,101.583,-1.766,-0.076,0.007,7.447,0,0.174,7.447,11.582
13.667,11.902,0.266,2.180,10.992,-0.006,101.588,-1.904,-0.082,0.008,7.407,0,0.174,7.407,11.588
13.690,11.863,0.264,2.181,10.907,-0.008,101.593,-1.873,-0.081,0.008,7.368,0,0.174,7.368,11.593
13.713,11.823,0.262,2.181,10.817,-0.010,101.599,-1.749,-0.075,0.007,7.327,0,0.174,7.327,11.598
13.735,11.781,0.260,2.181,10.726,-0.012,101.604,-1.773,-0.076,0.007,7.286,0,0.174,7.285,11.604
13.757,11.740,0.259,2.181,10.636,-0.015,101.610,-1.867,-0.080,0.008,7.245,0,0.174,7.244,11.609
13.779,11.697,0.255,2.181,10.567,-0.016,101.615,-1.805,-0.078,0.007,7.202,0,0.174,7.201,11.614
13.801,11.655,0.250,2.181,10.514,-0.017,101.619,-1.984,-0.181,0.004,7.160,0,0.174,7.159,11.618
13.824,11.613,0.245,2.181,10.459,-0.018,101.623,-1.911,-0.221,0.001,7.117,0,0.174,7.116,11.622
13.846,11.568,0.240,2.181,10.403,-0.019,101.627,-1.866,-0.216,0.001,7.072,0,0.174,7.072,11.626
13.868,11.526,0.235,2.181,10.349,-0.020,101.631,-2.060,-0.239,0.001,7.030,0,0.174,7.030,11.630
13.890,11.483,0.230,2.181,10.294,-0.021,101.635,-1.893,-0.219,0.001,6.987,0,0.174,6.986,11.635
13.912,11.440,0.225,2.181,10.239,-0.022,101.639,-1.937,-0.224,0.001,6.944,0,0.174,6.943,11.639
13.934,11.396,0.220,2.181,10.184,-0.023,101.643,-1.929,-0.223,0.001,6.900,0,0.174,6.899,11.643
13.956,11.354,0.215,2.181,10.129,-0.024,101.648,-1.979,-0.229,0.001,6.857,0,0.174,6.856,11.647
13.978,11.311,0.210,2.181,10.075,-0.025,101.652,-1.942,-0.225,0.001,6.814,0,0.174,6.813,11.651
14.000,11.268,0.205,2.182,10.021,-0.026,101.656,-1.968,-0.228,0.001,6.772,0,0.174,6.771,11.655
14.023,11.225,0.199,2.182,9.967,-0.027,101.659,-1.912,-0.221,0.001,6.728,0,0.174,6.727,11.658
14.046,11.178,0.191,2.181,9.912,-0.027,101.660,-1.920,-0.253,0.000,6.680,0,0.174,6.680,11.659
14.067,11.131,0.183,2.181,9.858,-0.026,101.661,-2.092,-0.363,-0.003,6.634,0,0.174,6.633,11.660
14.090,11.086,0.175,2.181,9.806,-0.026,101.662,-2.132,-0.370,-0.003,6.588,0,0.174,6.588,11.661
14.112,11.039,0.167,2.181,9.752,-0.026,101.663,-2.003,-0.348,-0.003,6.541,0,0.174,6.541,11.663
14.134,10.994,0.159,2.181,9.700,-0.026,101.664,-2.164,-0.376,-0.003,6.496,0,0.174,6.496,11.664
14.157,10.948,0.151,2.181,9.647,-0.026,101.665,-2.021,-0.351,-0.003,6.450,0,0.174,6.450,11.665
14.178,10.901,0.143,2.181,9.592,-0.026,101.666,-2.003,-0.347,-0.003,6.402,0,0.174,6.402,11.666
14.200,10.856,0.135,2.181,9.540,-0.026,101.667,-2.181,-0.378,-0.003,6.357,0,0.174,6.357,11.667
14.223,10.811,0.127,2.181,9.488,-0.026,101.668,-2.066,-0.359,-0.003,6.312,0,0.174,6.312,11.668
14.245,10.764,0.119,2.181,9.435,-0.026,101.670,-2.007,-0.348,-0.003,6.265,0,0.174,6.265,11.669
14.268,10.718,0.111,2.181,9.325,-0.025,101.670,-2.089,-0.362,-0.003,6.219,0,0.174,6.219,11.669
14.290,10.671,0.101,2.181,8.931,-0.024,101.667,-2.047,-0.364,-0.003,6.172,0,0.174,6.171,11.667
14.312,10.624,0.090,2.181,8.540,-0.023,101.665,-2.109,-0.469,-0.004,6.124,0,0.174,6.124,11.664
14.334,10.577,0.080,2.181,8.155,-0.022,101.662,-2.132,-0.474,-0.004,6.078,0,0.174,6.078,11.661
14.357,10.531,0.070,2.181,7.765,-0.020,101.659,-2.066,-0.460,-0.003,6.031,0,0.174,6.030,11.659
14.378,10.483,0.059,2.180,7.370,-0.019,101.657,-2.071,-0.461,-0.003,5.983,0,0.174,5.983,11.656
14.400,10.439,0.049,2.180,7.003,-0.018,101.654,-2.260,-0.503,-0.004,5.939,0,0.174,5.939,11.654
14.423,10.392,0.039,2.180,6.615,-0.017,101.651,-1.980,-0.441,-0.003,5.893,0,0.174,5.892,11.651
14.445,10.345,0.028,2.180,6.223,-0.016,101.649,-2.075,-0.462,-0.003,5.845,0,0.174,5.845,11.648
14.468,10.298,0.018,2.180,5.828,-0.014,101.646,-2.076,-0.462,-0.003,5.798,0,0.174,5.797,11.645
14.490,10.250,0.007,2.180,5.434,-0.013,101.643,-2.107,-0.469,-0.004,5.750,0,0.174,5.750,11.643
14.512,10.205,-0.003,2.180,5.059,-0.012,101.641,-2.202,-0.490,-0.004,5.705,0,0.174,5.705,11.640
14.534,10.160,-0.015,2.180,4.665,-0.012,101.638,-2.005,-0.446,-0.003,5.660,0,0.174,5.660,11.637
14.556,10.117,-0.026,2.180,4.279,-0.011,101.635,-2.045,-0.533,-0.005,5.617,0,0.174,5.616,11.634
14.579,10.072,-0.038,2.180,3.886,-0.010,101.632,-1.953,-0.527,-0.005,5.572,0,0.174,5.572,11.632
14.601,10.028,-0.050,2.180,3.499,-0.009,101.629,-2.014,-0.544,-0.005,5.528,0,0.174,5.528,11.629
14.624,9.984,-0.062,2.179,3.110,-0.009,101.626,-1.979,-0.535,-0.005,5.484,0,0.174,5.484,11.626
14.646,9.938,-0.075,2.179,2.701,-0.008,101.623,-1.888,-0.510,-0.005,5.438,0,0.174,5.438,11.623
14.668,9.895,-0.086,2.179,2.326,-0.008,101.621,-2.167,-0.585,-0.005,5.396,0,0.174,5.395,11.620
14.690,9.851,-0.098,2.179,1.938,-0.007,101.618,-1.919,-0.518,-0.005,5.352,0,0.174,5.352,11.617
14.713,9.807,-0.110,2.179,1.544,-0.007,101.615,-1.957,-0.529,-0.005,5.308,0,0.174,5.307,11.615
14.735,9.762,-0.122,2.179,1.151,-0.006,101.612,-1.989,-0.537,-0.005,5.263,0,0.174,5.263,11.612
14.757,9.718,-0.134,2.179,0.764,-0.005,101.609,-2.020,-0.546,-0.005,5.220,0,0.174,5.219,11.609
14.779,9.676,-0.146,2.179,0.564,-0.006,101.608,-1.971,-0.532,-0.005,5.178,0,0.174,5.178,11.607
14.801,9.637,-0.159,2.178,0.514,-0.007,101.607,-1.875,-0.549,-0.007,5.140,0,0.174,5.139,11.607
14.824,9.599,-0.172,2.178,0.464,-0.007,101.606,-1.784,-0.592,-0.011,5.102,0,0.174,5.101,11.606
14.846,9.559,-0.185,2.178,0.412,-0.008,101.606,-1.661,-0.551,-0.011,5.063,0,0.174,5.062,11.605
14.868,9.522,-0.198,2.178,0.363,-0.009,101.605,-1.852,-0.614,-0.012,5.026,0,0.174,5.025,11.605
14.890,9.483,-0.210,2.177,0.313,-0.010,101.605,-1.693,-0.562,-0.011,4.988,0,0.174,4.987,11.604
14.913,9.444,-0.223,2.177,0.262,-0.011,101.604,-1.708,-0.566,-0.011,4.949,0,0.174,4.948,11.603
14.934,9.404,-0.236,2.177,0.211,-0.012,101.603,-1.741,-0.578,-0.011,4.910,0,0.174,4.910,11.603
14.956,9.367,-0.249,2.177,0.163,-0.013,101.603,-1.848,-0.613,-0.012,4.874,0,0.174,4.873,11.602
14.979,9.329,-0.262,2.176,0.112,-0.013,101.602,-1.666,-0.553,-0.011,4.836,0,0.174,4.835,11.601
15.001,9.290,-0.274,2.176,0.062,-0.014,101.601,-1.745,-0.579,-0.011,4.798,0,0.174,4.797,11.601
15.024,9.252,-0.288,2.176,0.024,-0.015,101.601,-1.708,-0.567,-0.011,4.760,0,0.174,4.760,11.600
15.046,9.217,-0.301,2.176,0.024,-0.013,101.601,-1.692,-0.580,-0.011,4.727,0,0.174,4.727,11.601
15.068,9.184,-0.315,2.175,0.023,-0.012,101.601,-1.522,-0.617,-0.012,4.694,0,0.174,4.694,11.601
15.090,9.152,-0.328,2.175,0.023,-0.011,101.601,-1.577,-0.640,-0.012,4.663,0,0.174,4.663,11.601
15.112,9.119,-0.341,2.175,0.022,-0.010,101.602,-1.473,-0.597,-0.011,4.631,0,0.174,4.631,11.601
15.134,9.086,-0.355,2.175,0.022,-0.008,101.602,-1.487,-0.603,-0.011,4.599,0,0.174,4.599,11.601
15.156,9.052,-0.368,2.174,0.021,-0.007,101.602,-1.501,-0.609,-0.011,4.567,0,0.174,4.567,11.601
15.179,9.019,-0.382,2.174,0.021,-0.006,101.602,-1.470,-0.596,-0.011,4.535,0,0.174,4.534,11.602
15.200,8.985,-0.396,2.174,0.021,-0.005,101.602,-1.527,-0.619,-0.012,4.503,0,0.174,4.502,11.602
15.223,8.952,-0.409,2.174,0.020,-0.003,101.602,-1.526,-0.619,-0.012,4.471,0,0.174,4.470,11.602
15.245,8.918,-0.423,2.173,0.020,-0.002,101.603,-1.456,-0.590,-0.011,4.439,0,0.174,4.438,11.602
15.267,8.886,-0.436,2.173,0.017,0.127,101.603,-1.550,-0.628,-0.012,4.407,0,0.174,4.407,11.603
15.289,8.858,-0.451,2.173,-0.001,1.146,101.606,-1.477,-0.607,-0.011,4.381,0,0.174,4.381,11.605
15.312,8.830,-0.466,2.173,-0.018,2.178,101.608,-1.233,-0.661,-0.008,4.355,0,0.174,4.355,11.608
15.334,8.802,-0.481,2.173,-0.036,3.209,101.610,-1.248,-0.669,-0.008,4.329,0,0.174,4.329,11.610
15.356,8.775,-0.496,2.172,-0.054,4.228,101.612,-1.263,-0.677,-0.008,4.303,0,0.174,4.303,11.612
15.378,8.747,-0.511,2.172,-0.072,5.270,101.613,-1.221,-0.655,-0.008,4.277,0,0.174,4.277,11.613
15.401,8.719,-0.525,2.172,-0.089,6.286,101.615,-1.280,-0.686,-0.008,4.252,0,0.174,4.251,11.614
15.423,8.691,-0.541,2.172,-0.107,7.328,101.615,-1.216,-0.652,-0.008,4.226,0,0.174,4.225,11.615
15.445,8.663,-0.556,2.172,-0.125,8.361,101.616,-1.260,-0.676,-0.008,4.200,0,0.174,4.199,11.615
15.468,8.636,-0.570,2.172,-0.142,9.369,101.616,-1.278,-0.685,-0.008,4.175,0,0.174,4.174,11.616
15.490,8.607,-0.586,2.171,-0.161,10.433,101.616,-1.182,-0.634,-0.008,4.148,0,0.174,4.148,11.615
15.512,8.580,-0.600,2.171,-0.178,11.438,101.615,-1.321,-0.709,-0.009,4.124,0,0.174,4.123,11.615
15.534,8.558,-0.624,2.171,-0.265,12.392,101.616,-1.227,-0.658,-0.008,4.105,0,0.174,4.105,11.616
15.557,8.537,-0.650,2.171,-0.366,13.328,101.616,-0.997,-1.073,-0.011,4.089,0,0.174,4.088,11.615
15.578,8.516,-0.676,2.170,-0.470,14.279,101.613,-0.921,-1.145,-0.012,4.072,0,0.174,4.072,11.613
15.600,8.496,-0.701,2.170,-0.571,15.199,101.609,-0.968,-1.203,-0.012,4.057,0,0.174,4.056,11.609
15.623,8.475,-0.727,2.170,-0.674,16.130,101.604,-0.924,-1.148,-0.012,4.041,0,0.174,4.040,11.603
15.645,8.454,-0.752,2.170,-0.778,17.070,101.596,-0.927,-1.152,-0.012,4.025,0,0.174,4.025,11.596
15.667,8.434,-0.778,2.169,-0.882,18.007,101.587,-0.939,-1.167,-0.012,4.010,0,0.174,4.009,11.586
15.688,8.413,-0.804,2.169,-0.988,18.946,101.575,-0.935,-1.162,-0.012,3.995,0,0.175,3.994,11.575
15.711,8.393,-0.829,2.169,-1.090,19.850,101.563,-0.972,-1.208,-0.012,3.980,0,0.178,3.980,11.562
15.733,8.372,-0.855,2.169,-1.198,20.793,101.548,-0.896,-1.114,-0.012,3.965,0,0.181,3.965,11.547
15.755,8.351,-0.880,2.168,-1.305,21.726,101.531,-0.947,-1.177,-0.012,3.951,0,0.184,3.950,11.530
15.778,8.336,-0.917,2.168,-1.368,22.272,101.526,-0.913,-1.134,-0.012,3.944,0,0.186,3.943,11.526
15.800,8.325,-0.962,2.168,-1.387,22.443,101.535,-0.688,-1.611,-0.006,3.944,0,0.186,3.943,11.534
15.822,8.314,-1.005,2.168,-1.405,22.605,101.543,-0.520,-2.084,-0.002,3.944,0,0.186,3.944,11.542
15.844,8.303,-1.050,2.168,-1.424,22.773,101.551,-0.482,-1.930,-0.002,3.945,0,0.186,3.944,11.551
15.867,8.291,-1.095,2.168,-1.443,22.942,101.559,-0.497,-1.990,-0.002,3.946,0,0.185,3.946,11.559
15.890,8.280,-1.139,2.168,-1.461,23.109,101.568,-0.500,-2.002,-0.002,3.948,0,0.185,3.948,11.567
15.912,8.269,-1.184,2.168,-1.480,23.279,101.576,-0.490,-1.962,-0.002,3.951,0,0.184,3.950,11.575
15.934,8.258,-1.228,2.168,-1.499,23.444,101.584,-0.510,-2.043,-0.002,3.954,0,0.184,3.953,11.583
15.956,8.247,-1.273,2.168,-1.517,23.611,101.592,-0.492,-1.973,-0.002,3.957,0,0.183,3.957,11.591
15.979,8.236,-1.318,2.168,-1.536,23.780,101.600,-0.492,-1.971,-0.002,3.961,0,0.182,3.961,11.599
16.000,8.225,-1.362,2.168,-1.555,23.946,101.608,-0.506,-2.027,-0.002,3.966,0,0.181,3.965,11.607
16.023,8.217,-1.411,2.168,-1.520,23.772,101.625,-0.508,-2.035,-0.002,3.976,0,0.179,3.975,11.624
16.045,8.215,-1.476,2.168,-1.418,23.161,101.652,-0.349,-2.167,0.003,3.998,0,0.175,3.997,11.652
16.067,8.213,-1.538,2.168,-1.322,22.577,101.678,-0.083,-2.996,0.013,4.019,0,0.174,4.019,11.677
16.089,8.212,-1.602,2.169,-1.223,21.977,101.703,-0.077,-2.790,0.012,4.042,0,0.174,4.042,11.702
16.112,8.210,-1.666,2.169,-1.125,21.373,101.727,-0.079,-2.839,0.013,4.067,0,0.174,4.066,11.726
16.134,8.208,-1.730,2.169,-1.028,20.774,101.749,-0.080,-2.889,0.013,4.092,0,0.174,4.091,11.749
16.156,8.206,-1.793,2.169,-0.932,20.177,101.771,-0.080,-2.877,0.013,4.117,0,0.174,4.117,11.770
16.178,8.204,-1.858,2.170,-0.835,19.571,101.791,-0.078,-2.813,0.013,4.144,0,0.174,4.144,11.790
16.200,8.203,-1.921,2.170,-0.740,18.978,101.810,-0.081,-2.932,0.013,4.171,0,0.174,4.171,11.809
16.223,8.201,-1.984,2.170,-0.646,18.380,101.828,-0.079,-2.838,0.013,4.199,0,0.174,4.199,11.827
16.245,8.199,-2.048,2.171,-0.551,17.775,101.845,-0.078,-2.828,0.013,4.228,0,0.174,4.228,11.844
16.267,8.198,-2.113,2.171,-0.468,17.038,101.859,-0.080,-2.905,0.013,4.259,0,0.174,4.259,11.858
16.290,8.203,-2.187,2.172,-0.428,15.750,101.864,-0.046,-2.885,0.015,4.300,0,0.174,4.300,11.864
16.312,8.207,-2.261,2.172,-0.389,14.464,101.869,0.201,-3.314,0.030,4.342,0,0.174,4.342,11.869
16.334,8.212,-2.334,2.173,-0.350,13.192,101.873,0.202,-3.344,0.031,4.384,0,0.174,4.384,11.873
16.357,8.216,-2.408,2.174,-0.311,11.894,101.876,0.196,-3.242,0.030,4.428,0,0.174,4.428,11.875
16.378,8.221,-2.483,2.174,-0.272,10.595,101.878,0.200,-3.303,0.030,4.473,0,0.174,4.472,11.878
16.401,8.225,-2.554,2.175,-0.235,9.361,101.879,0.211,-3.484,0.032,4.516,0,0.174,4.516,11.879
16.423,8.229,-2.627,2.176,-0.196,8.082,101.880,0.193,-3.188,0.029,4.562,0,0.174,4.561,11.879
16.446,8.234,-2.703,2.176,-0.157,6.763,101.879,0.194,-3.211,0.029,4.609,0,0.174,4.609,11.878
16.468,8.238,-2.776,2.177,-0.119,5.483,101.878,0.206,-3.404,0.031,4.657,0,0.174,4.656,11.877
16.490,8.243,-2.851,2.178,-0.081,4.181,101.875,0.197,-3.254,0.030,4.705,0,0.174,4.705,11.875
16.512,8.247,-2.922,2.178,-0.044,2.941,101.872,0.210,-3.472,0.032,4.752,0,0.174,4.751,11.872
16.534,8.254,-2.994,2.179,-0.038,1.405,101.858,0.194,-3.206,0.029,4.802,0,0.174,4.801,11.858
16.556,8.261,-3.066,2.179,-0.036,-0.175,101.843,0.302,-3.226,0.010,4.852,0,0.174,4.852,11.843
16.578,8.268,-3.137,2.179,-0.034,-1.748,101.828,0.323,-3.230,0.006,4.903,0,0.174,4.902,11.827
16.601,8.275,-3.208,2.179,-0.032,-3.312,101.812,0.324,-3.237,0.006,4.954,0,0.174,4.953,11.812
16.623,8.282,-3.280,2.179,-0.029,-4.903,101.797,0.316,-3.163,0.006,5.006,0,0.174,5.006,11.796
16.645,8.290,-3.352,2.179,-0.026,-6.490,101.781,0.322,-3.223,0.006,5.059,0,0.174,5.059,11.780
16.667,8.297,-3.422,2.179,-0.022,-8.044,101.765,0.329,-3.286,0.006,5.111,0,0.174,5.111,11.765
16.689,8.304,-3.493,2.180,-0.018,-9.615,101.749,0.318,-3.182,0.006,5.164,0,0.174,5.164,11.749
16.712,8.311,-3.565,2.180,-0.014,-11.203,101.733,0.318,-3.183,0.006,5.219,0,0.174,5.218,11.733
16.734,8.318,-3.638,2.180,-0.009,-12.808,101.717,0.318,-3.182,0.006,5.274,0,0.174,5.273,11.716
16.757,8.325,-3.709,2.180,-0.003,-14.387,101.700,0.327,-3.272,0.006,5.329,0,0.174,5.328,11.699
16.778,8.333,-3.775,2.180,0.002,-15.462,101.682,0.321,-3.209,0.006,5.380,0,0.174,5.379,11.682
16.800,8.340,-3.832,2.179,0.007,-16.125,101.664,0.330,-3.040,-0.005,5.425,0,0.174,5.424,11.663
16.823,8.347,-3.889,2.179,0.012,-16.795,101.645,0.319,-2.567,-0.021,5.470,0,0.174,5.469,11.645
16.845,8.354,-3.947,2.178,0.017,-17.485,101.626,0.314,-2.521,-0.021,5.517,0,0.174,5.516,11.626
16.867,8.361,-4.004,2.178,0.023,-18.151,101.608,0.334,-2.684,-0.022,5.562,0,0.174,5.562,11.607
16.890,8.368,-4.062,2.177,0.028,-18.830,101.588,0.317,-2.549,-0.021,5.609,0,0.174,5.609,11.588
16.911,8.376,-4.122,2.177,0.035,-19.534,101.568,0.311,-2.498,-0.021,5.658,0,0.174,5.657,11.568
16.933,8.383,-4.177,2.177,0.041,-20.186,101.550,0.349,-2.802,-0.023,5.703,0,0.174,5.702,11.549
16.956,8.390,-4.234,2.176,0.047,-20.858,101.530,0.313,-2.514,-0.021,5.750,0,0.174,5.749,11.530
16.978,8.397,-4.293,2.176,0.054,-21.546,101.510,0.316,-2.537,-0.021,5.798,0,0.174,5.797,11.510
17.001,8.404,-4.351,2.175,0.061,-22.231,101.490,0.324,-2.605,-0.022,5.846,0,0.174,5.845,11.490
17.024,8.411,-4.405,2.175,0.067,-22.742,101.472,0.326,-2.619,-0.022,5.891,0,0.175,5.891,11.472
17.045,8.417,-4.445,2.174,0.068,-22.777,101.459,0.299,-2.340,-0.020,5.924,0,0.175,5.924,11.459
17.067,8.423,-4.480,2.174,0.069,-22.809,101.448,0.287,-1.846,-0.022,5.955,0,0.175,5.954,11.447
17.089,8.428,-4.517,2.173,0.071,-22.842,101.436,0.255,-1.642,-0.019,5.986,0,0.175,5.986,11.435
17.113,8.434,-4.554,2.173,0.072,-22.876,101.423,0.253,-1.629,-0.019,6.018,0,0.175,6.018,11.423
17.134,8.440,-4.594,2.172,0.073,-22.911,101.411,0.251,-1.617,-0.019,6.052,0,0.175,6.052,11.410
17.156,8.446,-4.629,2.172,0.074,-22.942,101.399,0.289,-1.859,-0.022,6.083,0,0.175,6.082,11.398
17.178,8.452,-4.667,2.172,0.075,-22.976,101.386,0.242,-1.559,-0.018,6.115,0,0.175,6.115,11.386
17.200,8.457,-4.704,2.171,0.076,-23.009,101.374,0.271,-1.746,-0.021,6.147,0,0.175,6.147,11.374
17.222,8.463,-4.740,2.171,0.077,-23.042,101.362,0.263,-1.693,-0.020,6.179,0,0.175,6.178,11.362
17.245,8.469,-4.778,2.170,0.078,-23.076,101.350,0.253,-1.628,-0.019,6.211,0,0.175,6.211,11.350
17.267,8.475,-4.816,2.170,0.080,-23.110,101.338,0.261,-1.682,-0.020,6.244,0,0.175,6.244,11.337
17.290,8.480,-4.837,2.170,0.078,-23.176,101.337,0.262,-1.686,-0.020,6.263,0,0.175,6.263,11.336
17.312,8.484,-4.855,2.169,0.076,-23.249,101.337,0.207,-0.920,-0.011,6.280,0,0.175,6.280,11.337
17.334,8.489,-4.873,2.169,0.074,-23.321,101.338,0.205,-0.805,-0.009,6.297,0,0.175,6.297,11.338
17.356,8.493,-4.890,2.169,0.073,-23.390,101.339,0.213,-0.838,-0.010,6.313,0,0.175,6.313,11.338
17.378,8.498,-4.908,2.169,0.071,-23.462,101.340,0.194,-0.761,-0.009,6.330,0,0.175,6.329,11.339
17.400,8.502,-4.925,2.168,0.069,-23.533,101.340,0.205,-0.807,-0.009,6.346,0,0.175,6.346,11.340
17.423,8.507,-4.943,2.168,0.067,-23.604,101.341,0.204,-0.802,-0.009,6.363,0,0.175,6.362,11.341
17.445,8.511,-4.961,2.168,0.065,-23.677,101.342,0.194,-0.762,-0.009,6.380,0,0.175,6.379,11.342
17.467,8.516,-4.978,2.168,0.063,-23.746,101.343,0.216,-0.847,-0.010,6.396,0,0.175,6.395,11.342
17.489,8.520,-4.996,2.168,0.061,-23.817,101.344,0.197,-0.775,-0.009,6.412,0,0.175,6.412,11.343
17.512,8.525,-5.014,2.167,0.059,-23.889,101.344,0.201,-0.790,-0.009,6.429,0,0.175,6.429,11.344
17.534,8.528,-5.017,2.167,0.055,-23.883,101.351,0.200,-0.786,-0.009,6.434,0,0.175,6.434,11.351
17.556,8.531,-5.015,2.167,0.051,-23.845,101.361,0.163,-0.168,-0.003,6.435,0,0.175,6.434,11.360
17.578,8.534,-5.014,2.167,0.047,-23.807,101.370,0.140,0.083,-0.001,6.435,0,0.175,6.435,11.370
17.600,8.538,-5.012,2.167,0.042,-23.769,101.380,0.144,0.085,-0.001,6.436,0,0.175,6.435,11.379
17.623,8.541,-5.010,2.167,0.038,-23.731,101.389,0.142,0.083,-0.001,6.436,0,0.175,6.436,11.388
17.645,8.544,-5.008,2.167,0.034,-23.691,101.399,0.135,0.079,-0.001,6.437,0,0.175,6.436,11.398
17.668,8.547,-5.006,2.167,0.029,-23.654,101.408,0.150,0.088,-0.001,6.437,0,0.175,6.437,11.408
17.689,8.550,-5.004,2.167,0.025,-23.616,101.417,0.141,0.083,-0.001,6.438,0,0.175,6.437,11.417
17.712,8.553,-5.002,2.167,0.021,-23.578,101.427,0.144,0.085,-0.001,6.438,0,0.175,6.438,11.426
17.734,8.557,-5.001,2.167,0.017,-23.540,101.436,0.138,0.081,-0.001,6.439,0,0.175,6.439,11.436
17.758,8.560,-4.999,2.167,0.012,-23.502,101.445,0.147,0.086,-0.001,6.440,0,0.175,6.439,11.445
17.779,8.562,-4.989,2.167,0.008,-23.412,101.456,0.130,0.076,-0.000,6.433,0,0.175,6.433,11.456
17.801,8.564,-4.969,2.168,0.005,-23.296,101.467,0.133,0.483,0.004,6.419,0,0.175,6.419,11.466
17.824,8.566,-4.948,2.168,0.002,-23.176,101.478,0.078,0.901,0.009,6.404,0,0.174,6.404,11.477
17.845,8.568,-4.926,2.168,-0.001,-23.049,101.489,0.078,0.900,0.009,6.389,0,0.174,6.388,11.489
17.868,8.570,-4.906,2.168,-0.004,-22.931,101.500,0.088,1.007,0.010,6.374,0,0.174,6.374,11.500
17.890,8.572,-4.884,2.168,-0.007,-22.806,101.512,0.077,0.886,0.009,6.359,0,0.174,6.358,11.511
17.912,8.573,-4.864,2.169,-0.010,-22.686,101.522,0.086,0.986,0.010,6.344,0,0.174,6.344,11.522
17.934,8.575,-4.843,2.169,-0.013,-22.565,101.533,0.081,0.930,0.010,6.330,0,0.174,6.329,11.533
17.957,8.577,-4.822,2.169,-0.016,-22.442,101.544,0.081,0.929,0.010,6.315,0,0.174,6.314,11.544
17.979,8.579,-4.801,2.169,-0.019,-22.318,101.555,0.082,0.937,0.010,6.300,0,0.174,6.299,11.555
18.001,8.581,-4.780,2.169,-0.022,-22.200,101.566,0.085,0.979,0.010,6.285,0,0.174,6.285,11.566
18.024,8.582,-4.758,2.170,-0.025,-22.082,101.576,0.080,0.923,0.010,6.269,0,0.174,6.268,11.575
18.045,8.583,-4.718,2.170,-0.026,-21.966,101.583,0.070,0.974,0.010,6.239,0,0.174,6.239,11.583
18.068,8.583,-4.683,2.170,-0.027,-21.862,101.590,0.029,1.855,0.018,6.213,0,0.174,6.213,11.589
18.090,8.584,-4.645,2.171,-0.029,-21.751,101.597,0.024,1.569,0.015,6.185,0,0.174,6.185,11.596
18.112,8.585,-4.609,2.171,-0.030,-21.643,101.603,0.026,1.717,0.017,6.158,0,0.174,6.158,11.603
18.135,8.585,-4.571,2.172,-0.032,-21.534,101.610,0.025,1.640,0.016,6.131,0,0.174,6.130,11.610
18.157,8.586,-4.534,2.172,-0.033,-21.424,101.617,0.026,1.664,0.016,6.103,0,0.174,6.103,11.617
18.178,8.586,-4.496,2.172,-0.034,-21.312,101.624,0.025,1.645,0.016,6.075,0,0.174,6.075,11.624
18.201,8.587,-4.461,2.173,-0.036,-21.209,101.630,0.028,1.816,0.018,6.050,0,0.174,6.050,11.630
18.223,8.587,-4.423,2.173,-0.037,-21.098,101.637,0.024,1.546,0.015,6.023,0,0.174,6.022,11.637
18.245,8.588,-4.385,2.173,-0.038,-20.987,101.644,0.026,1.664,0.016,5.995,0,0.174,5.995,11.644
18.268,8.589,-4.349,2.174,-0.040,-20.879,101.651,0.026,1.713,0.017,5.969,0,0.174,5.968,11.651
18.290,8.588,-4.298,2.174,-0.039,-20.230,101.653,0.025,1.607,0.016,5.932,0,0.174,5.932,11.653
18.312,8.588,-4.249,2.174,-0.038,-19.554,101.655,-0.011,2.338,0.016,5.896,0,0.174,5.896,11.654
18.335,8.588,-4.198,2.175,-0.037,-18.853,101.656,-0.015,2.195,0.015,5.859,0,0.174,5.859,11.655
18.357,8.587,-4.147,2.175,-0.036,-18.155,101.657,-0.016,2.292,0.015,5.823,0,0.174,5.822,11.657
18.379,8.587,-4.096,2.175,-0.034,-17.451,101.659,-0.016,2.263,0.015,5.786,0,0.174,5.786,11.658
18.401,8.587,-4.045,2.176,-0.033,-16.756,101.660,-0.016,2.308,0.015,5.750,0,0.174,5.750,11.660
18.423,8.586,-3.996,2.176,-0.032,-16.082,101.662,-0.016,2.355,0.016,5.715,0,0.174,5.715,11.661
18.445,8.586,-3.945,2.176,-0.031,-15.386,101.663,-0.015,2.204,0.015,5.680,0,0.174,5.679,11.663
18.467,8.585,-3.895,2.177,-0.030,-14.690,101.665,-0.016,2.284,0.015,5.644,0,0.174,5.644,11.664
18.490,8.585,-3.845,2.177,-0.029,-14.001,101.666,-0.016,2.301,0.015,5.610,0,0.174,5.609,11.666
18.512,8.585,-3.793,2.177,-0.028,-13.297,101.668,-0.016,2.233,0.015,5.574,0,0.174,5.574,11.667
18.535,8.585,-3.738,2.178,-0.026,-12.379,101.668,-0.016,2.267,0.015,5.537,0,0.174,5.537,11.667
18.557,8.585,-3.682,2.178,-0.024,-11.355,101.667,0.001,2.458,0.013,5.500,0,0.174,5.499,11.667
18.579,8.585,-3.628,2.178,-0.022,-10.361,101.666,0.010,2.581,0.013,5.463,0,0.174,5.463,11.666
18.601,8.585,-3.571,2.179,-0.020,-9.327,101.666,0.009,2.413,0.012,5.426,0,0.174,5.426,11.665
18.623,8.586,-3.517,2.179,-0.018,-8.340,101.665,0.010,2.628,0.013,5.391,0,0.174,5.390,11.665
18.646,8.586,-3.460,2.179,-0.016,-7.296,101.664,0.009,2.369,0.012,5.354,0,0.174,5.354,11.664
18.668,8.586,-3.403,2.179,-0.013,-6.260,101.664,0.010,2.527,0.012,5.318,0,0.174,5.317,11.663
18.690,8.586,-3.348,2.180,-0.012,-5.256,101.663,0.010,2.586,0.013,5.283,0,0.174,5.282,11.663
18.719,8.586,-3.292,2.180,-0.010,-4.232,101.663,0.009,2.460,0.012,5.248,0,0.174,5.247,11.662
18.735,8.587,-3.222,2.180,-0.007,-2.941,101.662,0.008,1.989,0.010,5.204,0,0.174,5.203,11.662
18.761,8.587,-3.181,2.180,-0.006,-2.197,101.662,0.017,4.349,0.021,5.179,0,0.174,5.178,11.661
18.783,8.589,-3.118,2.180,-0.004,-1.586,101.661,0.006,1.548,0.008,5.142,0,0.174,5.141,11.660
18.804,8.591,-3.068,2.180,-0.003,-1.442,101.659,0.079,2.906,-0.004,5.114,0,0.174,5.113,11.658
18.825,8.593,-3.018,2.180,-0.002,-1.299,101.657,0.099,2.318,-0.012,5.086,0,0.174,5.085,11.657
18.847,8.595,-2.970,2.180,-0.001,-1.158,101.656,0.100,2.356,-0.012,5.058,0,0.174,5.058,11.655
18.868,8.597,-2.919,2.179,0.000,-1.012,101.654,0.095,2.228,-0.012,5.031,0,0.174,5.030,11.653
18.890,8.599,-2.871,2.179,0.001,-0.872,101.652,0.103,2.424,-0.013,5.005,0,0.174,5.004,11.652
18.912,8.601,-2.821,2.179,0.002,-0.727,101.651,0.094,2.214,-0.012,4.978,0,0.174,4.977,11.650
18.934,8.603,-2.769,2.179,0.003,-0.580,101.649,0.097,2.272,-0.012,4.951,0,0.174,4.950,11.648
18.956,8.606,-2.718,2.178,0.004,-0.432,101.647,0.098,2.311,-0.012,4.924,0,0.174,4.924,11.647
18.978,8.608,-2.667,2.178,0.006,-0.283,101.646,0.098,2.289,-0.012,4.898,0,0.174,4.897,11.645
19.000,8.610,-2.617,2.178,0.007,-0.139,101.644,0.102,2.394,-0.013,4.872,0,0.174,4.872,11.643
19.022,8.612,-2.566,2.177,0.007,-0.030,101.643,0.095,2.230,-0.012,4.847,0,0.174,4.847,11.642
19.044,8.617,-2.519,2.177,0.007,-0.025,101.643,0.112,2.313,-0.014,4.826,0,0.174,4.826,11.642
19.067,8.621,-2.473,2.176,0.007,-0.020,101.643,0.199,2.164,-0.028,4.806,0,0.174,4.806,11.643
19.088,8.625,-2.425,2.176,0.007,-0.015,101.643,0.187,2.029,-0.026,4.786,0,0.174,4.785,11.643
19.111,8.630,-2.380,2.175,0.007,-0.010,101.644,0.204,2.214,-0.028,4.766,0,0.174,4.766,11.643
19.133,8.634,-2.331,2.174,0.006,-0.005,101.644,0.185,2.016,-0.026,4.746,0,0.174,4.746,11.644
19.156,8.638,-2.285,2.174,0.006,0.000,101.644,0.201,2.188,-0.028,4.727,0,0.174,4.727,11.644
19.178,8.643,-2.237,2.173,0.006,0.005,101.645,0.189,2.055,-0.026,4.708,0,0.174,4.707,11.644
19.200,8.647,-2.190,2.173,0.006,0.010,101.645,0.198,2.158,-0.028,4.690,0,0.174,4.689,11.644
19.223,8.651,-2.143,2.172,0.006,0.015,101.645,0.196,2.134,-0.027,4.672,0,0.174,4.671,11.645
19.245,8.656,-2.095,2.171,0.005,0.020,101.645,0.191,2.078,-0.027,4.654,0,0.174,4.653,11.645
19.268,8.660,-2.048,2.171,0.005,0.024,101.646,0.198,2.157,-0.028,4.637,0,0.174,4.636,11.645
19.289,8.667,-2.004,2.170,0.004,0.018,101.647,0.188,2.046,-0.026,4.624,0,0.174,4.623,11.646
19.311,8.673,-1.964,2.170,0.002,0.013,101.648,0.306,2.011,-0.028,4.612,0,0.174,4.611,11.648
19.334,8.679,-1.922,2.169,0.001,0.007,101.649,0.281,1.843,-0.026,4.600,0,0.174,4.600,11.649
19.357,8.686,-1.880,2.168,-0.000,0.002,101.650,0.287,1.881,-0.027,4.589,0,0.174,4.588,11.650
19.378,8.692,-1.836,2.168,-0.002,-0.004,101.652,0.277,1.814,-0.026,4.577,0,0.174,4.576,11.651
19.401,8.699,-1.796,2.167,-0.003,-0.010,101.653,0.309,2.021,-0.029,4.566,0,0.174,4.566,11.652
19.423,8.705,-1.754,2.167,-0.004,-0.016,101.654,0.280,1.831,-0.026,4.556,0,0.174,4.556,11.653
19.445,8.711,-1.712,2.166,-0.006,-0.021,101.655,0.288,1.885,-0.027,4.546,0,0.174,4.545,11.655
19.467,8.718,-1.670,2.166,-0.007,-0.027,101.656,0.293,1.918,-0.027,4.536,0,0.174,4.536,11.656
19.489,8.724,-1.629,2.165,-0.008,-0.032,101.657,0.289,1.890,-0.027,4.527,0,0.174,4.527,11.657
19.512,8.731,-1.586,2.164,-0.010,-0.038,101.659,0.280,1.832,-0.026,4.518,0,0.174,4.518,11.658
19.535,8.739,-1.547,2.164,-0.009,-0.041,101.659,0.288,1.885,-0.027,4.512,0,0.174,4.512,11.659
19.556,8.747,-1.509,2.163,-0.007,-0.043,101.660,0.352,1.700,-0.022,4.507,0,0.174,4.507,11.659
19.578,8.755,-1.473,2.163,-0.006,-0.044,101.660,0.399,1.802,-0.023,4.503,0,0.174,4.502,11.660
19.600,8.763,-1.436,2.162,-0.004,-0.046,101.661,0.363,1.640,-0.021,4.499,0,0.174,4.498,11.660
19.623,8.771,-1.400,2.162,-0.002,-0.048,101.661,0.373,1.687,-0.022,4.495,0,0.174,4.494,11.661
19.645,8.780,-1.361,2.161,-0.001,-0.050,101.662,0.348,1.573,-0.020,4.491,0,0.174,4.491,11.661
19.666,8.788,-1.324,2.161,0.001,-0.051,101.662,0.399,1.802,-0.023,4.488,0,0.174,4.487,11.662
19.689,8.796,-1.288,2.160,0.003,-0.053,101.663,0.369,1.667,-0.021,4.485,0,0.174,4.484,11.662
19.711,8.805,-1.250,2.160,0.004,-0.055,101.663,0.358,1.619,-0.021,4.482,0,0.174,4.482,11.663
19.733,8.813,-1.212,2.160,0.006,-0.056,101.664,0.381,1.723,-0.022,4.480,0,0.174,4.479,11.663
19.757,8.821,-1.175,2.159,0.008,-0.058,101.664,0.369,1.666,-0.021,4.478,0,0.174,4.477,11.664
19.778,8.831,-1.138,2.159,0.007,-0.059,101.664,0.357,1.615,-0.021,4.478,0,0.174,4.477,11.663
19.801,8.841,-1.105,2.158,0.006,-0.058,101.663,0.441,1.703,-0.018,4.479,0,0.174,4.479,11.663
19.823,8.851,-1.072,2.158,0.005,-0.058,101.662,0.460,1.465,-0.011,4.481,0,0.174,4.481,11.662
19.845,8.862,-1.039,2.158,0.004,-0.057,101.662,0.462,1.472,-0.011,4.484,0,0.174,4.483,11.661
19.867,8.872,-1.006,2.158,0.003,-0.057,101.661,0.481,1.533,-0.012,4.486,0,0.174,4.486,11.660
19.889,8.882,-0.973,2.157,0.002,-0.056,101.660,0.473,1.505,-0.011,4.489,0,0.174,4.489,11.660
19.912,8.893,-0.940,2.157,0.001,-0.056,101.659,0.453,1.444,-0.011,4.492,0,0.174,4.492,11.659
19.934,8.903,-0.907,2.157,-0.000,-0.055,101.659,0.474,1.511,-0.011,4.496,0,0.174,4.495,11.658
19.956,8.914,-0.874,2.157,-0.001,-0.055,101.658,0.475,1.512,-0.011,4.499,0,0.174,4.499,11.657
19.978,8.924,-0.840,2.156,-0.002,-0.054,101.657,0.461,1.468,-0.011,4.503,0,0.174,4.503,11.657
20.005,6.757,-0.032,2.176,0.007,-0.016,158.462,-1.143,0.065,-0.009,2.257,0,0.501,2.257,21.539
20.024,6.727,-0.030,2.176,0.008,-0.020,158.464,-0.939,0.053,-0.008,2.227,0,0.507,2.227,21.536
20.047,6.707,-0.029,2.176,0.008,-0.023,158.466,-1.634,0.093,-0.013,2.207,0,0.511,2.206,21.535
20.067,6.686,-0.030,2.175,0.006,-0.025,158.467,-0.879,0.042,-0.007,2.186,0,0.515,2.186,21.533
20.089,6.667,-0.030,2.175,0.005,-0.027,158.469,-0.995,-0.025,-0.007,2.168,0,0.519,2.167,21.532
20.112,6.648,-0.031,2.175,0.004,-0.029,158.470,-0.861,-0.022,-0.006,2.148,0,0.523,2.148,21.530
20.134,6.628,-0.031,2.175,0.003,-0.031,158.472,-0.875,-0.022,-0.006,2.128,0,0.527,2.127,21.529
20.157,6.607,-0.032,2.175,0.002,-0.032,158.473,-0.883,-0.022,-0.006,2.108,0,0.531,2.107,21.527
20.178,6.587,-0.032,2.175,0.001,-0.034,158.475,-0.911,-0.023,-0.006,2.087,0,0.535,2.087,21.526
20.201,6.568,-0.033,2.175,-0.000,-0.036,158.476,-0.935,-0.024,-0.006,2.068,0,0.539,2.067,21.525
20.222,6.548,-0.033,2.175,-0.002,-0.038,158.477,-0.866,-0.022,-0.006,2.048,0,0.543,2.047,21.523
20.245,6.528,-0.034,2.174,-0.003,-0.040,158.479,-0.923,-0.023,-0.006,2.028,0,0.547,2.028,21.522
20.268,6.507,-0.034,2.174,-0.004,-0.042,158.480,-0.854,-0.022,-0.006,2.008,0,0.551,2.007,21.520
20.290,6.487,-0.035,2.174,-0.005,-0.044,158.482,-0.903,-0.023,-0.006,1.987,0,0.555,1.987,21.519
20.312,6.471,-0.037,2.174,-0.006,-0.044,158.483,-0.941,-0.024,-0.006,1.971,0,0.558,1.970,21.518
20.334,6.455,-0.039,2.174,-0.008,-0.044,158.483,-0.730,-0.086,-0.003,1.955,0,0.561,1.955,21.517
20.356,6.440,-0.041,2.174,-0.009,-0.044,158.484,-0.720,-0.103,-0.002,1.940,0,0.564,1.940,21.516
20.378,6.424,-0.043,2.174,-0.010,-0.044,158.485,-0.705,-0.100,-0.002,1.925,0,0.567,1.924,21.515
20.400,6.409,-0.046,2.174,-0.012,-0.044,158.486,-0.683,-0.097,-0.002,1.909,0,0.570,1.909,21.515
20.423,6.393,-0.048,2.174,-0.013,-0.044,158.487,-0.717,-0.102,-0.002,1.894,0,0.574,1.893,21.514
20.446,6.377,-0.050,2.174,-0.014,-0.044,158.488,-0.689,-0.098,-0.002,1.878,0,0.577,1.877,21.513
20.468,6.361,-0.052,2.174,-0.016,-0.044,158.488,-0.704,-0.100,-0.002,1.862,0,0.580,1.861,21.512
20.489,6.345,-0.055,2.174,-0.017,-0.044,158.489,-0.713,-0.102,-0.002,1.846,0,0.583,1.845,21.511
20.512,6.330,-0.057,2.174,-0.018,-0.044,158.490,-0.754,-0.107,-0.002,1.831,0,0.586,1.830,21.510
20.534,6.314,-0.059,2.174,-0.020,-0.044,158.491,-0.662,-0.094,-0.002,1.815,0,0.589,1.815,21.510
20.557,6.300,-0.062,2.174,-0.019,-0.542,158.491,-0.700,-0.100,-0.002,1.801,0,0.592,1.801,21.510
20.579,6.288,-0.066,2.174,-0.018,-1.399,158.489,-0.625,-0.143,-0.001,1.789,0,0.594,1.789,21.511
20.601,6.275,-0.070,2.174,-0.016,-2.242,158.488,-0.568,-0.171,0.000,1.777,0,0.597,1.776,21.512
20.622,6.263,-0.073,2.174,-0.015,-3.079,158.487,-0.563,-0.169,0.000,1.765,0,0.599,1.764,21.513
20.645,6.251,-0.077,2.174,-0.013,-3.912,158.486,-0.562,-0.169,0.000,1.753,0,0.602,1.752,21.515
20.668,6.238,-0.081,2.174,-0.012,-4.786,158.485,-0.532,-0.160,0.000,1.740,0,0.604,1.740,21.516
20.689,6.226,-0.085,2.174,-0.010,-5.660,158.483,-0.560,-0.168,0.000,1.728,0,0.607,1.727,21.517
20.712,6.214,-0.088,2.174,-0.008,-6.483,158.482,-0.593,-0.178,0.000,1.716,0,0.609,1.715,21.519
20.734,6.201,-0.092,2.174,-0.007,-7.361,158.481,-0.524,-0.158,0.000,1.703,0,0.612,1.703,21.520
20.756,6.189,-0.096,2.174,-0.005,-8.195,158.479,-0.588,-0.177,0.000,1.691,0,0.614,1.691,21.521
20.779,6.176,-0.099,2.174,-0.003,-9.047,158.478,-0.547,-0.164,0.000,1.679,0,0.616,1.679,21.523
20.801,6.162,-0.102,2.174,-0.002,-9.776,158.476,-0.561,-0.169,0.000,1.665,0,0.619,1.665,21.524
20.823,6.146,-0.105,2.174,-0.000,-10.357,158.475,-0.635,-0.136,-0.000,1.650,0,0.622,1.649,21.526
20.846,6.131,-0.107,2.174,0.001,-10.935,158.473,-0.713,-0.106,-0.001,1.634,0,0.625,1.634,21.528
20.867,6.114,-0.110,2.174,0.002,-11.533,158.471,-0.686,-0.102,-0.001,1.618,0,0.629,1.618,21.529
20.889,6.099,-0.112,2.174,0.004,-12.101,158.469,-0.747,-0.111,-0.001,1.603,0,0.632,1.602,21.531
20.912,6.083,-0.114,2.174,0.005,-12.673,158.467,-0.703,-0.104,-0.001,1.588,0,0.635,1.587,21.533
20.934,6.068,-0.116,2.173,0.006,-13.259,158.466,-0.695,-0.103,-0.001,1.572,0,0.638,1.571,21.535
20.956,6.052,-0.119,2.173,0.008,-13.844,158.464,-0.709,-0.105,-0.001,1.556,0,0.641,1.556,21.537
20.979,6.036,-0.121,2.173,0.009,-14.427,158.462,-0.712,-0.106,-0.001,1.541,0,0.644,1.540,21.539
21.001,6.020,-0.124,2.173,0.011,-15.010,158.460,-0.709,-0.105,-0.001,1.525,0,0.647,1.525,21.540
21.024,6.004,-0.126,2.173,0.012,-15.605,158.458,-0.696,-0.103,-0.001,1.509,0,0.650,1.509,21.542
21.046,5.986,-0.128,2.173,0.013,-15.590,158.457,-0.727,-0.108,-0.001,1.492,0,0.654,1.491,21.543
21.068,5.963,-0.127,2.174,0.012,-14.587,158.457,-0.768,-0.072,0.002,1.469,0,0.659,1.468,21.543
21.089,5.942,-0.127,2.174,0.012,-13.641,158.457,-1.072,0.013,0.010,1.447,0,0.663,1.447,21.543
21.112,5.920,-0.127,2.174,0.012,-12.706,158.458,-1.022,0.013,0.009,1.426,0,0.667,1.425,21.543
21.134,5.897,-0.126,2.174,0.011,-11.717,158.458,-0.957,0.012,0.009,1.403,0,0.672,1.403,21.543
21.157,5.875,-0.126,2.174,0.011,-10.731,158.458,-1.014,0.013,0.009,1.380,0,0.676,1.380,21.543
21.178,5.852,-0.126,2.175,0.010,-9.747,158.458,-1.014,0.013,0.009,1.358,0,0.681,1.357,21.543
21.201,5.830,-0.126,2.175,0.010,-8.788,158.458,-1.037,0.013,0.009,1.336,0,0.685,1.335,21.542
21.223,5.807,-0.125,2.175,0.010,-7.805,158.458,-0.987,0.012,0.009,1.313,0,0.690,1.313,21.542
21.246,5.785,-0.125,2.175,0.009,-6.828,158.458,-1.018,0.013,0.009,1.291,0,0.694,1.290,21.542
21.268,5.762,-0.125,2.175,0.009,-5.832,158.458,-0.991,0.012,0.009,1.268,0,0.699,1.268,21.542
21.290,5.740,-0.124,2.176,0.008,-4.862,158.459,-1.038,0.013,0.009,1.246,0,0.703,1.245,21.542
21.313,5.718,-0.125,2.176,0.008,-4.440,158.459,-0.993,0.012,0.009,1.224,0,0.707,1.224,21.542
21.335,5.696,-0.125,2.176,0.008,-4.048,158.459,-0.971,-0.013,0.011,1.203,0,0.712,1.202,21.541
21.357,5.675,-0.125,2.176,0.007,-3.663,158.459,-0.982,-0.015,0.012,1.182,0,0.716,1.181,21.541
21.379,5.653,-0.126,2.177,0.007,-3.271,158.460,-0.945,-0.015,0.011,1.160,0,0.720,1.160,21.541
21.401,5.632,-0.126,2.177,0.006,-2.884,158.460,-0.980,-0.015,0.012,1.139,0,0.724,1.139,21.541
21.423,5.611,-0.126,2.177,0.006,-2.503,158.460,-0.979,-0.015,0.012,1.118,0,0.729,1.118,21.540
21.447,5.589,-0.127,2.177,0.005,-2.113,158.460,-0.941,-0.015,0.011,1.097,0,0.733,1.096,21.540
21.468,5.567,-0.127,2.178,0.005,-1.700,158.461,-0.913,-0.014,0.011,1.074,0,0.737,1.074,21.540
21.490,5.547,-0.127,2.178,0.005,-1.335,158.461,-1.092,-0.017,0.013,1.054,0,0.741,1.054,21.540
21.512,5.525,-0.128,2.178,0.004,-0.947,158.461,-0.905,-0.014,0.011,1.033,0,0.746,1.033,21.539
21.535,5.504,-0.128,2.179,0.004,-0.555,158.462,-0.957,-0.015,0.011,1.012,0,0.750,1.011,21.539
21.558,5.485,-0.130,2.179,0.003,-0.383,158.461,-0.965,-0.015,0.012,0.993,0,0.754,0.993,21.539
21.582,5.467,-0.132,2.179,0.002,-0.340,158.461,-0.799,-0.063,0.005,0.976,0,0.757,0.976,21.540
21.601,5.449,-0.134,2.179,0.001,-0.297,158.460,-0.751,-0.090,0.002,0.959,0,0.761,0.958,21.541
21.623,5.435,-0.136,2.179,0.000,-0.262,158.459,-0.942,-0.114,0.003,0.944,0,0.763,0.944,21.541
21.646,5.418,-0.138,2.179,-0.001,-0.221,158.459,-0.664,-0.080,0.002,0.928,0,0.767,0.928,21.542
21.668,5.400,-0.140,2.179,-0.002,-0.179,158.458,-0.729,-0.088,0.002,0.911,0,0.770,0.911,21.543
21.690,5.383,-0.142,2.179,-0.003,-0.137,158.457,-0.771,-0.093,0.002,0.894,0,0.773,0.894,21.543
21.713,5.367,-0.144,2.179,-0.004,-0.098,158.457,-0.806,-0.097,0.002,0.879,0,0.777,0.878,21.544
21.734,5.349,-0.146,2.179,-0.005,-0.056,158.456,-0.722,-0.087,0.002,0.862,0,0.780,0.861,21.545
21.757,5.333,-0.148,2.179,-0.006,-0.016,158.455,-0.794,-0.096,0.002,0.846,0,0.783,0.845,21.545
21.779,5.316,-0.150,2.179,-0.007,0.025,158.455,-0.745,-0.090,0.002,0.830,0,0.786,0.829,21.546
21.801,5.300,-0.152,2.179,-0.006,0.047,158.454,-0.766,-0.092,0.002,0.815,0,0.789,0.814,21.546
21.823,5.287,-0.156,2.179,-0.005,0.047,158.454,-0.706,-0.113,0.000,0.802,0,0.792,0.801,21.547
21.846,5.273,-0.160,2.179,-0.004,0.047,158.454,-0.611,-0.164,-0.003,0.790,0,0.794,0.789,21.547
21.868,5.259,-0.163,2.179,-0.003,0.046,158.454,-0.580,-0.155,-0.003,0.777,0,0.797,0.776,21.547
21.889,5.246,-0.167,2.179,-0.001,0.046,158.454,-0.642,-0.172,-0.004,0.765,0,0.799,0.764,21.547
21.912,5.233,-0.170,2.179,-0.000,0.046,158.453,-0.595,-0.160,-0.003,0.753,0,0.802,0.752,21.547
21.934,5.220,-0.174,2.179,0.001,0.046,158.453,-0.586,-0.157,-0.003,0.740,0,0.804,0.740,21.547
21.957,5.206,-0.178,2.179,0.002,0.046,158.453,-0.610,-0.164,-0.003,0.728,0,0.807,0.728,21.547
21.979,5.193,-0.181,2.179,0.004,0.046,158.453,-0.593,-0.159,-0.003,0.716,0,0.809,0.716,21.547
22.002,5.180,-0.185,2.178,0.005,0.045,158.453,-0.625,-0.168,-0.004,0.704,0,0.811,0.704,21.548
22.023,5.166,-0.189,2.178,0.006,0.045,158.453,-0.572,-0.154,-0.003,0.692,0,0.814,0.691,21.548
22.047,5.153,-0.192,2.178,0.007,0.044,158.453,-0.639,-0.171,-0.004,0.681,0,0.816,0.680,21.548
22.069,5.143,-0.198,2.178,0.007,0.039,158.453,-0.525,-0.159,-0.003,0.673,0,0.818,0.672,21.548
22.090,5.133,-0.203,2.178,0.006,0.034,158.453,-0.478,-0.248,-0.005,0.665,0,0.819,0.664,21.547
22.112,5.124,-0.208,2.178,0.006,0.030,158.453,-0.442,-0.229,-0.004,0.657,0,0.821,0.657,21.547
22.134,5.114,-0.212,2.178,0.006,0.025,158.454,-0.440,-0.228,-0.004,0.650,0,0.822,0.650,21.547
22.156,5.105,-0.218,2.178,0.005,0.020,158.454,-0.423,-0.220,-0.004,0.643,0,0.824,0.642,21.547
22.178,5.095,-0.223,2.178,0.005,0.016,158.454,-0.443,-0.230,-0.005,0.635,0,0.825,0.635,21.547
22.201,5.085,-0.228,2.178,0.005,0.011,158.454,-0.435,-0.226,-0.004,0.628,0,0.827,0.627,21.546
22.224,5.075,-0.233,2.178,0.004,0.006,158.454,-0.433,-0.225,-0.004,0.621,0,0.828,0.620,21.546
22.246,5.065,-0.238,2.177,0.004,0.002,158.455,-0.436,-0.226,-0.004,0.613,0,0.830,0.613,21.546
22.268,5.056,-0.243,2.177,0.004,-0.003,158.455,-0.443,-0.230,-0.004,0.606,0,0.831,0.606,21.546
22.290,5.046,-0.248,2.177,0.003,-0.008,158.455,-0.443,-0.230,-0.005,0.600,0,0.832,0.599,21.545
22.312,5.039,-0.254,2.177,0.004,0.148,158.455,-0.439,-0.228,-0.004,0.596,0,0.833,0.596,21.545
22.335,5.033,-0.261,2.177,0.004,0.319,158.456,-0.305,-0.286,-0.005,0.593,0,0.834,0.593,21.545
22.357,5.027,-0.267,2.177,0.004,0.495,158.456,-0.278,-0.285,-0.005,0.591,0,0.834,0.590,21.544
22.379,5.020,-0.274,2.177,0.004,0.670,158.457,-0.287,-0.295,-0.006,0.588,0,0.835,0.587,21.544
22.401,5.014,-0.280,2.177,0.004,0.843,158.457,-0.287,-0.295,-0.006,0.585,0,0.835,0.585,21.543
22.424,5.008,-0.287,2.176,0.004,1.018,158.457,-0.282,-0.290,-0.006,0.583,0,0.836,0.582,21.543
22.446,5.001,-0.293,2.176,0.005,1.190,158.458,-0.289,-0.297,-0.006,0.581,0,0.836,0.580,21.543
22.468,4.995,-0.300,2.176,0.005,1.366,158.458,-0.281,-0.289,-0.005,0.579,0,0.837,0.578,21.542
22.490,4.989,-0.306,2.176,0.005,1.537,158.459,-0.291,-0.299,-0.006,0.577,0,0.837,0.576,21.542
22.512,4.982,-0.313,2.176,0.005,1.706,158.459,-0.289,-0.297,-0.006,0.575,0,0.837,0.574,21.541
22.535,4.976,-0.319,2.176,0.005,1.880,158.459,-0.277,-0.285,-0.005,0.573,0,0.838,0.573,21.541
22.557,4.974,-0.328,2.176,0.005,2.590,158.461,-0.278,-0.286,-0.005,0.576,0,0.837,0.576,21.540
22.579,4.974,-0.337,2.175,0.005,3.572,158.462,-0.089,-0.388,-0.009,0.582,0,0.836,0.581,21.538
22.601,4.975,-0.346,2.175,0.005,4.535,158.464,0.017,-0.427,-0.010,0.588,0,0.835,0.587,21.537
22.623,4.975,-0.356,2.175,0.004,5.551,158.466,0.016,-0.398,-0.009,0.594,0,0.834,0.593,21.535
22.647,4.976,-0.365,2.175,0.004,6.515,158.467,0.017,-0.441,-0.010,0.599,0,0.832,0.599,21.533
22.668,4.976,-0.375,2.175,0.004,7.555,158.469,0.015,-0.389,-0.009,0.606,0,0.831,0.605,21.532
22.690,4.976,-0.384,2.174,0.004,8.496,158.471,0.018,-0.463,-0.011,0.612,0,0.830,0.611,21.530
22.712,4.977,-0.393,2.174,0.004,9.494,158.472,0.015,-0.396,-0.009,0.618,0,0.829,0.617,21.528
22.734,4.977,-0.402,2.174,0.004,10.457,158.474,0.017,-0.434,-0.010,0.624,0,0.828,0.623,21.527
22.757,4.977,-0.411,2.174,0.004,11.443,158.475,0.016,-0.409,-0.009,0.630,0,0.826,0.630,21.525
22.779,4.978,-0.421,2.174,0.004,12.429,158.477,0.016,-0.419,-0.010,0.637,0,0.825,0.636,21.523
22.801,4.984,-0.432,2.173,0.004,12.490,158.479,0.017,-0.424,-0.010,0.649,0,0.823,0.648,21.522
22.824,4.995,-0.446,2.173,0.003,11.527,158.480,0.270,-0.506,-0.005,0.666,0,0.819,0.666,21.520
22.846,5.007,-0.460,2.173,0.003,10.551,158.482,0.499,-0.599,-0.001,0.684,0,0.815,0.684,21.519
22.869,5.018,-0.473,2.173,0.003,9.600,158.483,0.518,-0.622,-0.002,0.702,0,0.812,0.701,21.517
22.890,5.029,-0.487,2.173,0.003,8.636,158.485,0.498,-0.598,-0.001,0.719,0,0.808,0.719,21.516
22.912,5.040,-0.500,2.173,0.003,7.728,158.486,0.537,-0.645,-0.002,0.736,0,0.805,0.735,21.514
22.934,5.051,-0.513,2.173,0.002,6.785,158.488,0.486,-0.584,-0.001,0.753,0,0.802,0.753,21.513
22.956,5.062,-0.527,2.173,0.002,5.827,158.489,0.497,-0.597,-0.001,0.771,0,0.798,0.770,21.511
22.978,5.074,-0.540,2.173,0.002,4.887,158.491,0.515,-0.618,-0.002,0.788,0,0.795,0.787,21.510
23.000,5.085,-0.553,2.173,0.001,3.942,158.492,0.502,-0.603,-0.002,0.805,0,0.791,0.805,21.508
23.023,5.096,-0.567,2.173,0.001,3.002,158.494,0.508,-0.610,-0.002,0.822,0,0.788,0.822,21.507
23.045,5.108,-0.581,2.173,0.001,2.317,158.495,0.501,-0.601,-0.001,0.841,0,0.784,0.840,21.506
23.067,5.123,-0.596,2.173,0.002,2.113,158.495,0.526,-0.603,-0.001,0.862,0,0.780,0.862,21.506
23.089,5.138,-0.611,2.173,0.004,1.918,158.495,0.704,-0.708,0.002,0.883,0,0.776,0.883,21.506
23.112,5.153,-0.626,2.173,0.005,1.721,158.495,0.671,-0.674,0.002,0.904,0,0.771,0.904,21.506
23.135,5.168,-0.641,2.173,0.006,1.518,158.495,0.651,-0.654,0.002,0.926,0,0.767,0.926,21.506
23.156,5.184,-0.657,2.173,0.007,1.315,158.495,0.674,-0.678,0.002,0.948,0,0.763,0.948,21.506
23.178,5.198,-0.671,2.173,0.008,1.129,158.495,0.737,-0.741,0.002,0.968,0,0.759,0.968,21.506
23.201,5.213,-0.686,2.173,0.009,0.931,158.495,0.633,-0.637,0.002,0.989,0,0.754,0.989,21.506
23.223,5.228,-0.701,2.173,0.010,0.730,158.495,0.666,-0.670,0.002,1.011,0,0.750,1.010,21.506
23.247,5.243,-0.716,2.173,0.011,0.532,158.495,0.682,-0.685,0.002,1.032,0,0.746,1.032,21.506
23.268,5.259,-0.732,2.173,0.012,0.321,158.495,0.631,-0.635,0.002,1.055,0,0.741,1.054,21.506
23.290,5.273,-0.747,2.174,0.013,0.163,158.495,0.763,-0.767,0.002,1.075,0,0.737,1.074,21.506
23.312,5.290,-0.762,2.174,0.015,0.145,158.492,0.643,-0.642,0.002,1.098,0,0.733,1.097,21.508
23.334,5.307,-0.778,2.174,0.016,0.127,158.490,0.741,-0.693,-0.000,1.121,0,0.728,1.121,21.511
23.356,5.323,-0.794,2.174,0.018,0.109,158.487,0.776,-0.726,-0.000,1.144,0,0.724,1.143,21.513
23.379,5.340,-0.809,2.174,0.019,0.091,158.485,0.750,-0.701,-0.000,1.166,0,0.719,1.166,21.516
23.401,5.357,-0.825,2.174,0.020,0.073,158.482,0.724,-0.677,-0.000,1.190,0,0.714,1.189,21.518
23.423,5.373,-0.840,2.174,0.022,0.055,158.480,0.783,-0.732,-0.000,1.212,0,0.710,1.212,21.521
23.445,5.390,-0.856,2.173,0.023,0.037,158.477,0.749,-0.700,-0.000,1.235,0,0.705,1.234,21.523
23.467,5.407,-0.872,2.173,0.025,0.019,158.475,0.738,-0.689,-0.000,1.258,0,0.701,1.257,21.526
23.490,5.424,-0.887,2.173,0.026,0.001,158.473,0.763,-0.713,-0.000,1.281,0,0.696,1.280,21.528
23.513,5.440,-0.903,2.173,0.027,-0.017,158.470,0.743,-0.694,-0.000,1.304,0,0.692,1.303,21.530
23.536,5.458,-0.919,2.173,0.029,-0.036,158.468,0.742,-0.694,-0.000,1.327,0,0.687,1.327,21.533
23.557,5.476,-0.936,2.173,0.225,-0.039,158.465,0.738,-0.690,-0.000,1.352,0,0.682,1.352,21.535
23.578,5.494,-0.952,2.173,0.453,-0.039,158.463,0.891,-0.806,-0.002,1.376,0,0.677,1.376,21.538
23.601,5.512,-0.968,2.173,0.689,-0.038,158.461,0.815,-0.723,-0.002,1.401,0,0.672,1.400,21.540
23.623,5.531,-0.985,2.173,0.929,-0.037,158.458,0.833,-0.739,-0.002,1.426,0,0.667,1.425,21.542
23.646,5.550,-1.001,2.173,1.173,-0.036,158.456,0.832,-0.738,-0.002,1.451,0,0.662,1.451,21.545
23.669,5.570,-1.019,2.173,1.421,-0.035,158.454,0.830,-0.737,-0.002,1.477,0,0.657,1.477,21.547
23.690,5.589,-1.036,2.173,1.668,-0.034,158.451,0.851,-0.754,-0.002,1.503,0,0.652,1.502,21.549
23.712,5.607,-1.052,2.173,1.901,-0.033,158.449,0.897,-0.795,-0.002,1.527,0,0.647,1.527,21.552
23.734,5.626,-1.068,2.173,2.138,-0.033,158.447,0.828,-0.734,-0.002,1.552,0,0.642,1.551,21.554
23.757,5.644,-1.085,2.173,2.377,-0.032,158.444,0.844,-0.748,-0.002,1.577,0,0.637,1.576,21.556
23.779,5.663,-1.102,2.173,2.620,-0.031,158.442,0.831,-0.737,-0.002,1.602,0,0.632,1.602,21.558
23.801,5.682,-1.119,2.173,3.060,-0.029,158.440,0.856,-0.759,-0.002,1.628,0,0.627,1.627,21.560
23.823,5.702,-1.139,2.173,3.817,-0.025,158.439,0.852,-0.783,-0.003,1.656,0,0.621,1.656,21.562
23.846,5.722,-1.159,2.173,4.567,-0.021,158.438,0.899,-0.906,-0.004,1.684,0,0.615,1.683,21.563
23.867,5.742,-1.179,2.173,5.340,-0.017,158.437,0.865,-0.872,-0.004,1.713,0,0.610,1.712,21.564
23.890,5.761,-1.199,2.173,6.067,-0.013,158.436,0.948,-0.955,-0.004,1.740,0,0.604,1.739,21.565
23.912,5.781,-1.219,2.172,6.822,-0.009,158.435,0.858,-0.865,-0.004,1.768,0,0.598,1.768,21.566
23.934,5.801,-1.239,2.172,7.577,-0.005,158.434,0.892,-0.900,-0.004,1.796,0,0.593,1.796,21.567
23.957,5.821,-1.259,2.172,8.339,-0.001,158.433,0.882,-0.889,-0.004,1.825,0,0.587,1.824,21.568
23.979,5.840,-1.279,2.172,9.090,0.002,158.432,0.905,-0.912,-0.004,1.853,0,0.582,1.852,21.569
24.001,5.860,-1.299,2.172,9.841,0.006,158.431,0.890,-0.897,-0.004,1.881,0,0.576,1.880,21.569
24.023,5.880,-1.319,2.172,10.590,0.010,158.430,0.895,-0.902,-0.004,1.909,0,0.570,1.908,21.570
24.046,5.899,-1.340,2.172,11.100,0.014,158.430,0.886,-0.893,-0.004,1.937,0,0.565,1.937,21.571
24.069,5.918,-1.369,2.172,10.714,0.015,158.430,0.855,-0.917,-0.004,1.971,0,0.558,1.971,21.570
24.089,5.937,-1.399,2.172,10.330,0.017,158.431,0.827,-1.309,-0.004,2.005,0,0.551,2.005,21.570
24.112,5.954,-1.425,2.172,9.982,0.018,158.431,0.901,-1.427,-0.005,2.036,0,0.545,2.036,21.570
24.134,5.972,-1.455,2.172,9.600,0.019,158.431,0.749,-1.186,-0.004,2.070,0,0.538,2.069,21.569
24.156,5.990,-1.484,2.171,9.226,0.021,158.431,0.834,-1.321,-0.004,2.103,0,0.532,2.102,21.569
24.178,6.008,-1.512,2.171,8.857,0.022,158.431,0.832,-1.318,-0.004,2.136,0,0.525,2.135,21.569
24.200,6.027,-1.541,2.171,8.477,0.024,158.432,0.793,-1.256,-0.004,2.169,0,0.518,2.169,21.569
24.222,6.045,-1.569,2.171,8.109,0.025,158.432,0.848,-1.344,-0.004,2.202,0,0.512,2.201,21.569
24.245,6.063,-1.598,2.171,7.736,0.026,158.432,0.807,-1.277,-0.004,2.235,0,0.505,2.235,21.568
24.268,6.082,-1.628,2.171,7.344,0.028,158.432,0.780,-1.235,-0.004,2.270,0,0.498,2.270,21.568
24.290,6.100,-1.657,2.171,6.957,0.029,158.433,0.854,-1.352,-0.004,2.304,0,0.491,2.303,21.568
24.312,6.118,-1.691,2.171,6.405,0.028,158.435,0.810,-1.285,-0.004,2.340,0,0.484,2.340,21.565
24.334,6.135,-1.724,2.171,5.872,0.028,158.437,0.813,-1.564,0.001,2.376,0,0.477,2.376,21.563
24.356,6.152,-1.757,2.171,5.338,0.027,158.440,0.787,-1.514,0.001,2.412,0,0.470,2.411,21.561
24.378,6.170,-1.791,2.171,4.792,0.026,158.442,0.768,-1.476,0.001,2.448,0,0.462,2.448,21.558
24.400,6.187,-1.825,2.171,4.245,0.025,158.445,0.785,-1.510,0.001,2.485,0,0.455,2.485,21.556
24.422,6.204,-1.858,2.171,3.710,0.025,158.447,0.806,-1.549,0.001,2.521,0,0.448,2.520,21.553
24.446,6.222,-1.891,2.171,3.171,0.024,158.450,0.778,-1.497,0.001,2.557,0,0.441,2.557,21.551
24.468,6.240,-1.926,2.171,2.601,0.023,158.453,0.746,-1.434,0.001,2.596,0,0.433,2.595,21.548
24.490,6.258,-1.961,2.171,2.039,0.023,158.455,0.797,-1.533,0.001,2.633,0,0.426,2.633,21.545
24.512,6.275,-1.994,2.171,1.504,0.022,158.458,0.826,-1.589,0.001,2.670,0,0.418,2.669,21.543
24.534,6.292,-2.026,2.171,0.976,0.022,158.460,0.796,-1.530,0.001,2.705,0,0.411,2.705,21.540
24.556,6.311,-2.059,2.171,-0.162,0.183,158.455,0.756,-1.453,0.001,2.742,0,0.404,2.742,21.546
24.579,6.331,-2.090,2.171,-1.466,0.392,158.443,0.877,-1.477,-0.004,2.779,0,0.396,2.778,21.557
24.600,6.351,-2.122,2.171,-2.797,0.605,158.426,0.866,-1.397,-0.005,2.816,0,0.389,2.816,21.574
24.623,6.370,-2.153,2.171,-4.078,0.810,158.405,0.919,-1.483,-0.006,2.852,0,0.382,2.851,21.595
24.646,6.389,-2.185,2.171,-5.396,1.020,158.379,0.859,-1.386,-0.005,2.889,0,0.374,2.888,21.622
24.668,6.410,-2.218,2.171,-6.769,1.238,158.346,0.849,-1.370,-0.005,2.927,0,0.366,2.927,21.654
24.690,6.429,-2.249,2.170,-8.065,1.443,158.311,0.936,-1.511,-0.006,2.963,0,0.359,2.963,21.690
24.712,6.449,-2.281,2.170,-9.378,1.650,158.270,0.873,-1.409,-0.005,3.000,0,0.352,3.000,21.731
24.735,6.468,-2.312,2.170,-10.690,1.856,158.225,0.885,-1.428,-0.005,3.037,0,0.344,3.036,21.776
24.758,6.488,-2.345,2.170,-12.024,2.064,158.174,0.870,-1.404,-0.005,3.074,0,0.337,3.074,21.827
24.778,6.509,-2.377,2.170,-13.388,2.275,158.116,0.864,-1.395,-0.005,3.112,0,0.329,3.112,21.884
24.801,6.530,-2.404,2.170,-14.091,2.451,158.095,0.971,-1.567,-0.006,3.146,0,0.322,3.146,21.906
24.823,6.558,-2.426,2.170,-14.425,2.627,158.097,0.953,-1.164,-0.007,3.181,0,0.315,3.181,21.904
24.845,6.585,-2.448,2.169,-14.756,2.802,158.098,1.234,-1.001,-0.011,3.216,0,0.308,3.215,21.903
24.867,6.612,-2.470,2.169,-15.082,2.975,158.098,1.251,-1.015,-0.011,3.250,0,0.301,3.250,21.903
24.889,6.639,-2.492,2.169,-15.406,3.146,158.097,1.234,-1.001,-0.011,3.284,0,0.295,3.284,21.904
24.912,6.666,-2.514,2.169,-15.733,3.319,158.095,1.216,-0.987,-0.010,3.318,0,0.288,3.318,21.906
24.935,6.694,-2.536,2.168,-16.067,3.495,158.092,1.203,-0.976,-0.010,3.353,0,0.281,3.353,21.909
24.956,6.722,-2.559,2.168,-16.411,3.676,158.087,1.193,-0.968,-0.010,3.389,0,0.274,3.389,21.913
24.978,6.748,-2.581,2.168,-16.728,3.844,158.082,1.332,-1.081,-0.011,3.423,0,0.267,3.422,21.918
25.000,6.775,-2.603,2.168,-17.054,4.016,158.076,1.193,-0.968,-0.010,3.457,0,0.260,3.457,21.924
25.023,6.802,-2.624,2.167,-17.379,4.187,158.070,1.229,-0.998,-0.011,3.491,0,0.253,3.491,21.931
25.046,6.831,-2.645,2.167,-17.599,4.295,158.084,1.205,-0.977,-0.010,3.526,0,0.246,3.525,21.916
25.068,6.870,-2.656,2.167,-17.437,4.174,158.179,1.241,-0.894,-0.009,3.559,0,0.240,3.559,21.822
25.089,6.907,-2.666,2.167,-17.279,4.056,158.270,1.715,-0.471,0.001,3.592,0,0.234,3.591,21.731
25.113,6.942,-2.676,2.167,-17.130,3.945,158.356,1.756,-0.483,0.001,3.623,0,0.228,3.622,21.645
25.134,6.981,-2.686,2.167,-16.968,3.823,158.449,1.530,-0.421,0.001,3.657,0,0.221,3.656,21.552
25.156,7.016,-2.696,2.167,-16.820,3.711,158.534,1.815,-0.499,0.001,3.688,0,0.215,3.687,21.467
25.178,7.053,-2.706,2.167,-16.665,3.593,158.623,1.591,-0.437,0.001,3.721,0,0.208,3.720,21.378
25.200,7.090,-2.716,2.167,-16.511,3.476,158.710,1.673,-0.460,0.001,3.753,0,0.202,3.753,21.290
25.223,7.127,-2.726,2.167,-16.356,3.359,158.798,1.657,-0.456,0.001,3.786,0,0.196,3.786,21.202
25.246,7.164,-2.737,2.167,-16.199,3.238,158.888,1.634,-0.449,0.001,3.820,0,0.189,3.819,21.113
25.268,7.202,-2.747,2.167,-16.041,3.117,158.977,1.652,-0.454,0.001,3.853,0,0.183,3.853,21.023
25.289,7.240,-2.757,2.167,-15.826,2.989,159.060,1.698,-0.467,0.001,3.887,0,0.176,3.886,20.941
25.312,7.281,-2.757,2.168,-15.076,2.778,159.098,1.727,-0.456,0.001,3.916,0,0.170,3.916,20.903
25.334,7.325,-2.757,2.168,-14.288,2.555,159.135,1.845,-0.003,0.011,3.948,0,0.164,3.947,20.866
25.356,7.368,-2.757,2.168,-13.523,2.339,159.168,1.992,-0.006,0.012,3.978,0,0.158,3.978,20.833
25.379,7.411,-2.758,2.168,-12.749,2.120,159.198,1.908,-0.006,0.011,4.010,0,0.154,4.009,20.802
25.401,7.454,-2.758,2.169,-11.965,1.897,159.226,1.911,-0.006,0.011,4.041,0,0.154,4.041,20.775
25.423,7.496,-2.758,2.169,-11.212,1.683,159.249,2.011,-0.007,0.012,4.072,0,0.154,4.072,20.751
25.446,7.539,-2.758,2.169,-10.436,1.462,159.271,1.876,-0.006,0.011,4.104,0,0.154,4.104,20.729
25.469,7.583,-2.758,2.169,-9.643,1.236,159.290,1.892,-0.006,0.011,4.137,0,0.154,4.137,20.711
25.490,7.628,-2.758,2.170,-8.851,1.010,159.306,1.933,-0.006,0.011,4.170,0,0.154,4.170,20.695
25.512,7.668,-2.758,2.170,-8.123,0.802,159.317,2.106,-0.007,0.012,4.201,0,0.154,4.200,20.683
25.535,7.712,-2.759,2.170,-7.344,0.579,159.327,1.806,-0.006,0.011,4.234,0,0.154,4.233,20.673
25.556,7.758,-2.756,2.170,-7.442,0.592,159.261,1.862,-0.006,0.011,4.268,0,0.154,4.267,20.739
25.578,7.802,-2.752,2.171,-7.859,0.693,159.174,2.225,0.108,0.011,4.298,0,0.154,4.298,20.826
25.601,7.847,-2.748,2.171,-8.297,0.797,159.082,1.971,0.179,0.009,4.331,0,0.154,4.330,20.918
25.622,7.893,-2.744,2.171,-8.741,0.902,158.988,2.039,0.186,0.009,4.364,0,0.153,4.363,21.013
25.644,7.937,-2.740,2.171,-9.160,1.001,158.898,2.191,0.199,0.010,4.395,0,0.153,4.395,21.102
25.667,7.984,-2.736,2.171,-9.610,1.106,158.801,1.923,0.175,0.009,4.429,0,0.153,4.429,21.199
25.689,8.030,-2.731,2.172,-10.059,1.210,158.704,2.078,0.189,0.009,4.463,0,0.153,4.463,21.296
25.711,8.075,-2.727,2.172,-10.493,1.310,158.609,2.132,0.194,0.010,4.497,0,0.152,4.496,21.392
25.734,8.121,-2.723,2.172,-10.938,1.412,158.511,2.021,0.184,0.009,4.531,0,0.152,4.530,21.490
25.756,8.168,-2.719,2.172,-11.394,1.515,158.410,2.017,0.184,0.009,4.566,0,0.152,4.566,21.591
25.778,8.215,-2.715,2.173,-11.840,1.615,158.310,2.113,0.192,0.010,4.601,0,0.152,4.600,21.691
25.801,8.262,-2.709,2.173,-12.122,1.688,158.236,2.069,0.188,0.009,4.636,0,0.152,4.635,21.765
25.823,8.316,-2.696,2.173,-12.099,1.710,158.209,2.071,0.259,0.006,4.672,0,0.152,4.672,21.791
25.845,8.365,-2.685,2.173,-12.078,1.730,158.185,2.529,0.585,-0.003,4.706,0,0.152,4.706,21.816
25.868,8.418,-2.673,2.172,-12.055,1.753,158.159,2.163,0.501,-0.003,4.743,0,0.151,4.742,21.842
25.889,8.470,-2.661,2.172,-12.033,1.774,158.133,2.390,0.553,-0.003,4.779,0,0.151,4.779,21.867
25.912,8.520,-2.649,2.172,-12.012,1.795,158.109,2.410,0.558,-0.003,4.815,0,0.151,4.814,21.892
25.935,8.573,-2.637,2.172,-11.990,1.817,158.083,2.229,0.516,-0.003,4.852,0,0.151,4.852,21.918
25.957,8.628,-2.624,2.172,-11.966,1.840,158.056,2.223,0.515,-0.003,4.892,0,0.151,4.891,21.945
25.978,8.678,-2.613,2.172,-11.946,1.861,158.031,2.625,0.608,-0.003,4.927,0,0.151,4.927,21.969
26.001,8.729,-2.601,2.172,-11.924,1.882,158.006,2.240,0.519,-0.003,4.964,0,0.151,4.964,21.994
26.023,8.780,-2.589,2.172,-11.902,1.904,157.981,2.309,0.534,-0.003,5.002,0,0.151,5.002,22.020
26.046,8.832,-2.576,2.172,-11.767,1.905,157.964,2.325,0.538,-0.003,5.041,0,0.151,5.040,22.037
26.067,8.890,-2.558,2.172,-10.822,1.755,158.002,2.254,0.533,-0.002,5.081,0,0.151,5.081,21.999
26.089,8.944,-2.541,2.172,-9.941,1.615,158.035,2.686,0.856,0.007,5.119,0,0.151,5.119,21.965
26.112,9.000,-2.523,2.172,-9.041,1.471,158.067,2.457,0.783,0.007,5.159,0,0.151,5.158,21.933
26.134,9.056,-2.505,2.173,-8.120,1.323,158.097,2.451,0.781,0.007,5.199,0,0.151,5.199,21.903
26.156,9.112,-2.487,2.173,-7.207,1.177,158.125,2.526,0.805,0.007,5.240,0,0.151,5.240,21.875
26.178,9.167,-2.470,2.173,-6.311,1.032,158.150,2.556,0.815,0.007,5.280,0,0.151,5.280,21.850
26.200,9.222,-2.452,2.173,-5.419,0.888,158.173,2.516,0.802,0.007,5.321,0,0.151,5.320,21.828
26.222,9.278,-2.435,2.173,-4.507,0.740,158.193,2.455,0.782,0.007,5.362,0,0.152,5.362,21.807
26.246,9.333,-2.417,2.173,-3.607,0.594,158.212,2.538,0.809,0.007,5.404,0,0.152,5.403,21.789
26.267,9.391,-2.398,2.173,-2.655,0.439,158.228,2.371,0.756,0.007,5.448,0,0.152,5.447,21.772
26.290,9.445,-2.381,2.174,-1.773,0.295,158.241,2.704,0.862,0.008,5.489,0,0.152,5.488,21.759
26.312,9.503,-2.364,2.174,-1.522,0.130,158.257,2.374,0.757,0.007,5.533,0,0.152,5.533,21.744
26.334,9.558,-2.348,2.174,-1.382,-0.031,158.272,2.624,0.785,0.002,5.576,0,0.152,5.576,21.729
26.357,9.614,-2.331,2.174,-1.240,-0.194,158.287,2.474,0.731,0.000,5.620,0,0.152,5.620,21.714
26.379,9.670,-2.314,2.174,-1.098,-0.358,158.301,2.511,0.742,0.000,5.665,0,0.152,5.664,21.699
26.401,9.726,-2.298,2.174,-0.957,-0.520,158.315,2.543,0.752,0.000,5.709,0,0.152,5.708,21.685
26.423,9.782,-2.281,2.174,-0.816,-0.683,158.329,2.513,0.743,0.000,5.754,0,0.152,5.753,21.672
26.445,9.838,-2.265,2.174,-0.674,-0.847,158.342,2.503,0.740,0.000,5.799,0,0.152,5.798,21.659
26.467,9.893,-2.249,2.174,-0.534,-1.008,158.355,2.554,0.755,0.000,5.843,0,0.152,5.843,21.646
26.489,9.949,-2.232,2.174,-0.394,-1.170,158.367,2.513,0.743,0.000,5.888,0,0.152,5.888,21.634
26.512,10.004,-2.216,2.174,-0.254,-1.332,158.379,2.513,0.743,0.000,5.934,0,0.152,5.933,21.622
26.534,10.061,-2.199,2.174,-0.111,-1.497,158.391,2.481,0.733,0.000,5.980,0,0.152,5.979,21.610
26.557,10.114,-2.182,2.174,-0.087,-2.760,158.399,2.477,0.732,0.000,6.024,0,0.152,6.023,21.601
26.578,10.164,-2.166,2.173,-0.133,-4.610,158.407,2.429,0.754,-0.010,6.065,0,0.152,6.064,21.594
26.600,10.214,-2.151,2.173,-0.178,-6.436,158.416,2.298,0.733,-0.015,6.105,0,0.152,6.105,21.584
26.623,10.264,-2.135,2.173,-0.225,-8.285,158.427,2.241,0.715,-0.015,6.147,0,0.152,6.146,21.573
26.646,10.315,-2.118,2.172,-0.273,-10.169,158.440,2.225,0.710,-0.015,6.189,0,0.152,6.188,21.561
26.668,10.366,-2.102,2.172,-0.322,-12.068,158.454,2.251,0.718,-0.015,6.232,0,0.152,6.231,21.546
26.689,10.417,-2.086,2.172,-0.371,-13.930,158.470,2.313,0.738,-0.015,6.274,0,0.152,6.273,21.530
26.712,10.466,-2.070,2.171,-0.420,-15.754,158.488,2.317,0.739,-0.015,6.315,0,0.152,6.315,21.513
26.734,10.517,-2.054,2.171,-0.472,-17.638,158.508,2.195,0.701,-0.015,6.358,0,0.152,6.358,21.493
26.757,10.568,-2.038,2.171,-0.525,-19.512,158.529,2.282,0.728,-0.015,6.401,0,0.152,6.400,21.471
26.779,10.619,-2.022,2.170,-0.579,-21.385,158.553,2.270,0.724,-0.015,6.444,0,0.152,6.443,21.447
26.801,10.664,-2.003,2.170,-0.681,-22.356,158.567,2.241,0.715,-0.015,6.481,0,0.152,6.480,21.434
26.823,10.696,-1.982,2.169,-0.822,-22.408,158.568,2.069,0.844,-0.016,6.505,0,0.152,6.505,21.432
26.846,10.729,-1.960,2.169,-0.968,-22.462,158.570,1.445,0.942,-0.016,6.530,0,0.152,6.530,21.431
26.867,10.763,-1.939,2.169,-1.115,-22.516,158.572,1.477,0.963,-0.016,6.556,0,0.152,6.555,21.429
26.889,10.795,-1.918,2.168,-1.255,-22.567,158.574,1.555,1.014,-0.017,6.580,0,0.152,6.580,21.427
26.912,10.827,-1.896,2.168,-1.398,-22.620,158.576,1.459,0.952,-0.016,6.605,0,0.152,6.605,21.425
26.934,10.860,-1.875,2.168,-1.544,-22.673,158.578,1.458,0.951,-0.016,6.631,0,0.152,6.630,21.422
26.956,10.894,-1.853,2.167,-1.691,-22.727,158.581,1.469,0.958,-0.016,6.657,0,0.152,6.656,21.420
26.978,10.927,-1.832,2.167,-1.835,-22.780,158.583,1.527,0.996,-0.016,6.683,0,0.152,6.682,21.417
27.000,10.959,-1.810,2.167,-1.978,-22.833,158.586,1.490,0.972,-0.016,6.708,0,0.152,6.708,21.415
27.023,10.992,-1.789,2.166,-2.124,-22.886,158.589,1.463,0.954,-0.016,6.734,0,0.152,6.734,21.412
27.045,11.024,-1.766,2.166,-2.219,-22.889,158.588,1.474,0.961,-0.016,6.759,0,0.152,6.758,21.412
27.067,11.039,-1.739,2.166,-2.125,-22.703,158.575,1.405,1.007,-0.014,6.766,0,0.152,6.766,21.426
27.089,11.054,-1.712,2.166,-2.032,-22.520,158.562,0.705,1.258,0.001,6.774,0,0.152,6.774,21.439
27.112,11.070,-1.684,2.166,-1.940,-22.337,158.549,0.692,1.235,0.001,6.782,0,0.152,6.782,21.451
27.135,11.085,-1.656,2.166,-1.844,-22.147,158.537,0.668,1.193,0.001,6.790,0,0.152,6.790,21.464
27.156,11.101,-1.628,2.166,-1.747,-21.956,158.524,0.690,1.232,0.001,6.799,0,0.152,6.798,21.476
27.178,11.116,-1.601,2.166,-1.658,-21.777,158.513,0.741,1.323,0.001,6.807,0,0.152,6.807,21.487
27.201,11.131,-1.574,2.166,-1.565,-21.592,158.502,0.668,1.193,0.001,6.816,0,0.152,6.815,21.499
27.223,11.147,-1.546,2.166,-1.472,-21.407,158.491,0.693,1.237,0.001,6.824,0,0.152,6.824,21.509
27.246,11.162,-1.519,2.166,-1.380,-21.222,158.480,0.693,1.237,0.001,6.833,0,0.152,6.833,21.520
27.268,11.178,-1.491,2.166,-1.284,-21.031,158.470,0.671,1.197,0.001,6.842,0,0.152,6.842,21.531
27.290,11.194,-1.463,2.166,-1.191,-20.844,158.460,0.708,1.265,0.001,6.852,0,0.152,6.851,21.541
27.312,11.197,-1.433,2.166,-1.099,-20.222,158.446,0.719,1.283,0.001,6.848,0,0.152,6.848,21.554
27.334,11.198,-1.401,2.167,-1.005,-19.522,158.433,0.148,1.363,0.010,6.843,0,0.152,6.843,21.568
27.356,11.200,-1.370,2.167,-0.911,-18.821,158.421,0.063,1.416,0.012,6.838,0,0.152,6.838,21.580
27.379,11.201,-1.339,2.167,-0.821,-18.141,158.410,0.065,1.466,0.012,6.834,0,0.152,6.833,21.590
27.401,11.202,-1.306,2.167,-0.725,-17.407,158.400,0.058,1.313,0.011,6.829,0,0.152,6.828,21.600
27.422,11.204,-1.275,2.168,-0.634,-16.713,158.392,0.067,1.503,0.013,6.824,0,0.152,6.824,21.609
27.445,11.205,-1.245,2.168,-0.545,-16.037,158.385,0.065,1.459,0.012,6.820,0,0.152,6.819,21.616
27.467,11.207,-1.212,2.168,-0.450,-15.306,158.378,0.058,1.312,0.011,6.815,0,0.152,6.815,21.622
27.490,11.208,-1.181,2.168,-0.362,-14.622,158.374,0.067,1.517,0.013,6.811,0,0.152,6.811,21.627
27.513,11.209,-1.149,2.169,-0.269,-13.903,158.370,0.060,1.351,0.012,6.807,0,0.152,6.807,21.630
27.534,11.211,-1.116,2.169,-0.176,-13.174,158.367,0.062,1.400,0.012,6.803,0,0.152,6.803,21.633
27.557,11.208,-1.086,2.169,-0.137,-12.345,158.368,0.067,1.518,0.013,6.795,0,0.152,6.795,21.633
27.578,11.203,-1.054,2.170,-0.127,-11.393,158.370,-0.125,1.357,0.015,6.785,0,0.152,6.785,21.630
27.600,11.198,-1.023,2.170,-0.116,-10.479,158.372,-0.242,1.475,0.018,6.776,0,0.152,6.775,21.628
27.623,11.193,-0.992,2.171,-0.106,-9.546,158.375,-0.227,1.386,0.017,6.766,0,0.152,6.765,21.626
27.646,11.188,-0.960,2.171,-0.096,-8.590,158.377,-0.227,1.383,0.017,6.756,0,0.152,6.756,21.623
27.667,11.182,-0.928,2.171,-0.085,-7.623,158.380,-0.229,1.397,0.017,6.746,0,0.152,6.746,21.620
27.690,11.177,-0.897,2.172,-0.075,-6.712,158.383,-0.246,1.504,0.018,6.737,0,0.152,6.737,21.618
27.712,11.172,-0.866,2.172,-0.064,-5.769,158.386,-0.224,1.368,0.017,6.728,0,0.152,6.727,21.615
27.734,11.167,-0.834,2.172,-0.053,-4.821,158.389,-0.231,1.408,0.017,6.719,0,0.152,6.718,21.611
27.757,11.162,-0.802,2.173,-0.043,-3.875,158.393,-0.232,1.418,0.017,6.710,0,0.152,6.709,21.608
27.779,11.157,-0.771,2.173,-0.032,-2.944,158.396,-0.235,1.437,0.017,6.701,0,0.152,6.701,21.604
27.801,11.152,-0.740,2.173,-0.025,-2.292,158.401,-0.228,1.392,0.017,6.693,0,0.152,6.692,21.600
27.823,11.147,-0.711,2.174,-0.024,-2.088,158.406,-0.226,1.384,0.014,6.685,0,0.152,6.684,21.594
27.846,11.142,-0.683,2.174,-0.023,-1.891,158.412,-0.216,1.339,0.006,6.677,0,0.152,6.677,21.589
27.868,11.138,-0.654,2.174,-0.022,-1.682,158.418,-0.197,1.220,0.005,6.670,0,0.152,6.669,21.583
27.889,11.133,-0.625,2.174,-0.021,-1.477,158.424,-0.213,1.317,0.006,6.662,0,0.152,6.662,21.577
27.912,11.128,-0.597,2.174,-0.020,-1.282,158.429,-0.220,1.361,0.006,6.655,0,0.152,6.655,21.572
27.934,11.124,-0.568,2.174,-0.019,-1.075,158.435,-0.197,1.218,0.005,6.648,0,0.152,6.648,21.566
27.957,11.119,-0.539,2.174,-0.018,-0.871,158.440,-0.211,1.308,0.006,6.641,0,0.152,6.640,21.560
27.979,11.114,-0.510,2.174,-0.017,-0.668,158.446,-0.210,1.297,0.006,6.634,0,0.152,6.634,21.554
28.001,11.110,-0.482,2.175,-0.016,-0.464,158.452,-0.209,1.295,0.006,6.627,0,0.152,6.627,21.549
28.023,11.105,-0.454,2.175,-0.015,-0.265,158.457,-0.213,1.317,0.006,6.621,0,0.152,6.620,21.543
28.047,11.101,-0.425,2.175,-0.014,-0.091,158.463,-0.204,1.263,0.005,6.614,0,0.152,6.614,21.538
28.068,11.098,-0.398,2.175,-0.013,-0.078,158.466,-0.192,1.214,0.004,6.610,0,0.152,6.609,21.534
28.090,11.095,-0.374,2.175,-0.012,-0.066,158.469,-0.134,1.228,-0.006,6.606,0,0.152,6.605,21.531
28.112,11.092,-0.350,2.174,-0.011,-0.054,158.472,-0.125,1.147,-0.006,6.602,0,0.152,6.601,21.529
28.134,11.090,-0.324,2.174,-0.011,-0.041,158.475,-0.117,1.077,-0.006,6.598,0,0.152,6.597,21.525
28.157,11.087,-0.299,2.174,-0.010,-0.029,158.478,-0.124,1.140,-0.006,6.594,0,0.152,6.593,21.522
28.178,11.084,-0.273,2.174,-0.009,-0.016,158.481,-0.122,1.123,-0.006,6.590,0,0.152,6.589,21.519
28.201,11.082,-0.249,2.174,-0.008,-0.004,158.484,-0.130,1.190,-0.006,6.586,0,0.152,6.586,21.516
28.223,11.079,-0.224,2.174,-0.007,0.008,158.487,-0.119,1.093,-0.006,6.583,0,0.152,6.582,21.513
28.245,11.076,-0.198,2.174,-0.007,0.021,158.490,-0.120,1.099,-0.006,6.579,0,0.152,6.578,21.510
28.267,11.073,-0.173,2.174,-0.006,0.033,158.493,-0.129,1.182,-0.006,6.576,0,0.152,6.575,21.507
28.290,11.071,-0.148,2.173,-0.005,0.045,158.496,-0.122,1.122,-0.006,6.572,0,0.152,6.572,21.504
28.312,11.070,-0.126,2.173,-0.005,0.042,158.496,-0.121,1.111,-0.006,6.571,0,0.152,6.570,21.505
28.334,11.069,-0.104,2.173,-0.005,0.037,158.495,-0.046,1.036,-0.009,6.570,0,0.152,6.569,21.506
28.356,11.068,-0.081,2.173,-0.005,0.032,158.494,-0.031,0.972,-0.009,6.569,0,0.152,6.568,21.507
28.378,11.067,-0.059,2.173,-0.006,0.027,158.492,-0.033,1.025,-0.009,6.568,0,0.152,6.567,21.508
28.401,11.067,-0.037,2.172,-0.006,0.023,158.491,-0.032,0.986,-0.009,6.567,0,0.152,6.566,21.509
28.423,11.066,-0.015,2.172,-0.006,0.018,158.490,-0.032,0.999,-0.009,6.566,0,0.152,6.565,21.510
28.446,11.065,0.007,2.172,-0.006,0.012,158.489,-0.031,0.974,-0.009,6.565,0,0.152,6.565,21.511
28.468,11.065,0.030,2.172,-0.006,0.007,158.488,-0.032,0.991,-0.009,6.565,0,0.152,6.564,21.513
28.490,11.064,0.052,2.172,-0.006,0.002,158.487,-0.033,1.033,-0.009,6.564,0,0.152,6.564,21.514
28.512,11.063,0.074,2.171,-0.007,-0.003,158.486,-0.032,0.988,-0.009,6.564,0,0.152,6.563,21.515
28.536,11.062,0.096,2.171,-0.007,-0.007,158.485,-0.032,0.989,-0.009,6.563,0,0.152,6.563,21.516
28.557,11.063,0.117,2.171,-0.006,-0.010,158.482,-0.030,0.947,-0.009,6.564,0,0.152,6.564,21.518
28.579,11.065,0.135,2.171,-0.004,-0.012,158.480,0.039,0.972,-0.008,6.566,0,0.152,6.566,21.521
28.601,11.066,0.154,2.171,-0.003,-0.014,158.477,0.067,0.864,-0.007,6.568,0,0.152,6.567,21.524
28.623,11.068,0.172,2.171,-0.001,-0.015,158.474,0.063,0.818,-0.006,6.570,0,0.152,6.569,21.526
28.646,11.069,0.191,2.170,0.000,-0.017,158.472,0.066,0.849,-0.007,6.572,0,0.152,6.571,21.529
28.668,11.071,0.211,2.170,0.002,-0.018,158.469,0.062,0.807,-0.006,6.574,0,0.152,6.573,21.532
28.690,11.072,0.229,2.170,0.003,-0.020,158.466,0.072,0.932,-0.007,6.576,0,0.152,6.575,21.535
28.713,11.073,0.248,2.170,0.005,-0.022,158.463,0.064,0.828,-0.007,6.578,0,0.152,6.578,21.537
28.735,11.075,0.268,2.170,0.006,-0.023,158.460,0.063,0.810,-0.006,6.580,0,0.152,6.580,21.540
28.758,11.076,0.286,2.170,0.008,-0.025,158.458,0.070,0.903,-0.007,6.583,0,0.152,6.582,21.543
28.779,11.078,0.306,2.170,0.009,-0.027,158.455,0.062,0.800,-0.006,6.585,0,0.152,6.584,21.546
28.801,11.080,0.323,2.169,0.010,-0.028,158.453,0.072,0.926,-0.007,6.588,0,0.152,6.588,21.548
28.823,11.084,0.339,2.169,0.010,-0.028,158.451,0.100,0.782,-0.005,6.593,0,0.152,6.592,21.550
28.846,11.088,0.355,2.169,0.010,-0.028,158.449,0.174,0.738,-0.001,6.597,0,0.152,6.597,21.552
28.867,11.091,0.372,2.169,0.010,-0.028,158.446,0.163,0.692,-0.001,6.602,0,0.152,6.601,21.554
28.890,11.095,0.388,2.169,0.010,-0.028,158.444,0.182,0.772,-0.002,6.607,0,0.152,6.606,21.556
28.912,11.099,0.404,2.169,0.010,-0.028,158.442,0.161,0.685,-0.001,6.611,0,0.152,6.611,21.558
28.935,11.103,0.420,2.169,0.010,-0.028,158.440,0.176,0.747,-0.001,6.616,0,0.152,6.616,21.560
28.956,11.107,0.437,2.169,0.010,-0.028,158.438,0.171,0.724,-0.001,6.621,0,0.152,6.621,21.562
28.979,11.110,0.452,2.169,0.010,-0.028,158.436,0.179,0.760,-0.002,6.626,0,0.152,6.625,21.564
29.001,11.114,0.469,2.169,0.010,-0.028,158.434,0.163,0.689,-0.001,6.631,0,0.152,6.630,21.566
29.023,11.118,0.485,2.169,0.010,-0.028,158.432,0.178,0.755,-0.002,6.636,0,0.152,6.635,21.568
29.046,11.122,0.500,2.169,0.010,-0.028,158.431,0.171,0.727,-0.001,6.641,0,0.152,6.640,21.570
29.067,11.128,0.514,2.169,0.009,-0.029,158.431,0.170,0.670,-0.001,6.648,0,0.152,6.648,21.569
29.090,11.134,0.527,2.169,0.008,-0.029,158.432,0.300,0.651,-0.000,6.655,0,0.152,6.655,21.568
29.112,11.141,0.540,2.169,0.007,-0.029,158.433,0.259,0.560,-0.000,6.662,0,0.152,6.662,21.568
29.135,11.147,0.553,2.169,0.006,-0.029,158.433,0.281,0.608,-0.000,6.670,0,0.152,6.669,21.567
29.157,11.153,0.567,2.169,0.004,-0.030,158.434,0.268,0.580,-0.000,6.677,0,0.152,6.676,21.566
29.179,11.159,0.580,2.169,0.003,-0.030,158.435,0.281,0.609,-0.000,6.684,0,0.152,6.683,21.566
29.201,11.165,0.593,2.169,0.002,-0.030,158.435,0.269,0.582,-0.000,6.691,0,0.152,6.691,21.565
29.223,11.171,0.606,2.169,0.001,-0.030,158.436,0.275,0.596,-0.000,6.698,0,0.152,6.698,21.564
29.246,11.177,0.619,2.169,0.000,-0.030,158.437,0.274,0.594,-0.000,6.706,0,0.152,6.705,21.564
29.268,11.183,0.633,2.169,-0.001,-0.031,158.437,0.268,0.579,-0.000,6.713,0,0.152,6.713,21.563
29.290,11.189,0.646,2.169,-0.002,-0.031,158.438,0.286,0.620,-0.000,6.720,0,0.152,6.720,21.563
29.313,11.197,0.657,2.169,-0.002,-0.414,158.439,0.263,0.571,-0.000,6.729,0,0.152,6.729,21.561
29.336,11.205,0.668,2.169,-0.002,-0.862,158.441,0.342,0.504,0.001,6.738,0,0.152,6.738,21.560
29.357,11.213,0.679,2.169,-0.001,-1.315,158.442,0.352,0.481,0.002,6.747,0,0.152,6.747,21.559
29.380,11.220,0.689,2.169,-0.001,-1.738,158.443,0.380,0.520,0.002,6.756,0,0.152,6.755,21.557
29.401,11.229,0.701,2.169,-0.001,-2.199,158.444,0.325,0.444,0.002,6.765,0,0.152,6.765,21.556
29.424,11.236,0.711,2.169,-0.000,-2.617,158.446,0.392,0.536,0.002,6.774,0,0.152,6.773,21.555
29.446,11.244,0.722,2.169,-0.000,-3.072,158.447,0.325,0.445,0.002,6.783,0,0.152,6.782,21.554
29.468,11.252,0.733,2.169,0.000,-3.519,158.448,0.361,0.494,0.002,6.792,0,0.152,6.791,21.552
29.490,11.260,0.743,2.169,0.000,-3.953,158.449,0.364,0.498,0.002,6.801,0,0.152,6.800,21.551
29.512,11.268,0.754,2.169,0.001,-4.386,158.451,0.357,0.488,0.002,6.810,0,0.152,6.809,21.550
29.535,11.276,0.765,2.169,0.001,-4.832,158.452,0.344,0.471,0.002,6.819,0,0.152,6.818,21.549
29.557,11.281,0.776,2.169,0.000,-5.650,158.454,0.350,0.479,0.002,6.826,0,0.152,6.825,21.547
29.579,11.286,0.786,2.169,-0.000,-6.655,158.456,0.262,0.484,-0.001,6.832,0,0.152,6.831,21.545
29.601,11.291,0.796,2.169,-0.001,-7.613,158.458,0.219,0.491,-0.002,6.837,0,0.152,6.837,21.542
29.623,11.295,0.806,2.169,-0.002,-8.628,158.460,0.198,0.442,-0.002,6.843,0,0.152,6.842,21.540
29.646,11.300,0.817,2.169,-0.003,-9.634,158.462,0.211,0.472,-0.002,6.849,0,0.152,6.848,21.538
29.667,11.305,0.828,2.169,-0.004,-10.663,158.465,0.204,0.458,-0.002,6.855,0,0.152,6.854,21.536
29.689,11.309,0.837,2.169,-0.005,-11.625,158.467,0.224,0.501,-0.002,6.860,0,0.152,6.860,21.534
29.712,11.314,0.848,2.169,-0.007,-12.620,158.469,0.202,0.452,-0.002,6.866,0,0.152,6.866,21.531
29.735,11.318,0.858,2.169,-0.008,-13.634,158.472,0.205,0.460,-0.002,6.872,0,0.152,6.872,21.529
29.757,11.323,0.869,2.169,-0.009,-14.699,158.474,0.199,0.446,-0.002,6.878,0,0.152,6.878,21.526
29.778,11.328,0.879,2.169,-0.010,-15.677,158.476,0.228,0.510,-0.003,6.884,0,0.152,6.884,21.524
29.801,11.330,0.890,2.169,-0.011,-16.073,158.478,0.211,0.473,-0.002,6.888,0,0.152,6.887,21.522
29.823,11.325,0.903,2.169,-0.012,-15.551,158.480,0.095,0.471,-0.001,6.884,0,0.152,6.884,21.521
29.846,11.320,0.916,2.169,-0.013,-15.039,158.481,-0.236,0.585,0.003,6.881,0,0.152,6.880,21.520
29.868,11.314,0.929,2.169,-0.014,-14.495,158.482,-0.218,0.540,0.003,6.877,0,0.152,6.877,21.518
29.890,11.309,0.941,2.169,-0.014,-14.001,158.483,-0.255,0.633,0.003,6.874,0,0.152,6.874,21.517
29.912,11.304,0.954,2.169,-0.015,-13.483,158.485,-0.221,0.548,0.003,6.871,0,0.152,6.870,21.516
29.934,11.299,0.967,2.169,-0.016,-12.964,158.486,-0.231,0.573,0.003,6.867,0,0.152,6.867,21.515
29.957,11.294,0.980,2.169,-0.016,-12.457,158.487,-0.237,0.588,0.003,6.864,0,0.152,6.864,21.514
29.979,11.289,0.992,2.169,-0.017,-11.941,158.488,-0.228,0.565,0.003,6.861,0,0.152,6.860,21.512
30.004,18.419,1.960,2.179,-7.713,2.679,-88.345,-0.979,1.382,0.029,14.056,0,0.196,14.055,1.655
30.023,18.393,1.996,2.180,-6.963,1.957,-88.252,-0.936,1.321,0.027,14.036,0,0.196,14.035,1.749
30.047,18.374,2.023,2.180,-6.394,1.408,-88.187,-1.339,1.890,0.039,14.021,0,0.196,14.020,1.814
30.068,18.348,2.055,2.181,-5.951,1.178,-88.347,-0.796,1.124,0.023,14.000,0,0.196,13.999,1.653
30.089,18.326,2.081,2.181,-5.626,1.069,-88.529,-1.246,1.542,0.017,13.982,0,0.197,13.981,1.472
30.111,18.303,2.109,2.181,-5.286,0.956,-88.718,-1.030,1.235,0.011,13.963,0,0.197,13.963,1.282
30.134,18.279,2.137,2.181,-4.934,0.841,-88.915,-1.035,1.241,0.011,13.944,0,0.198,13.944,1.086
30.156,18.255,2.166,2.182,-4.578,0.726,-89.114,-1.062,1.274,0.011,13.925,0,0.198,13.924,0.886
30.178,18.231,2.195,2.182,-4.224,0.612,-89.313,-1.081,1.297,0.012,13.906,0,0.198,13.905,0.688
30.201,18.208,2.223,2.182,-3.873,0.501,-89.511,-1.078,1.293,0.012,13.887,0,0.199,13.886,0.490
30.223,18.183,2.253,2.182,-3.507,0.387,-89.717,-1.032,1.238,0.011,13.867,0,0.199,13.867,0.284
30.246,18.160,2.281,2.183,-3.165,0.281,-89.910,-1.147,1.376,0.012,13.849,0,0.200,13.848,0.090
30.268,18.135,2.310,2.183,-2.799,0.170,-90.118,-1.004,1.204,0.011,13.830,0,0.200,13.829,-0.117
30.291,18.111,2.339,2.183,-2.438,0.061,-90.323,-1.088,1.305,0.012,13.811,0,0.201,13.810,-0.322
30.312,18.088,2.366,2.183,-2.186,0.017,-90.520,-1.077,1.291,0.012,13.793,0,0.201,13.792,-0.519
30.334,18.068,2.389,2.183,-2.008,0.008,-90.698,-1.092,1.270,-0.000,13.776,0,0.202,13.776,-0.698
30.356,18.045,2.415,2.183,-1.813,-0.001,-90.893,-0.902,1.031,-0.005,13.759,0,0.202,13.758,-0.893
30.379,18.024,2.440,2.183,-1.626,-0.008,-91.081,-1.018,1.164,-0.006,13.742,0,0.202,13.741,-1.081
30.400,18.002,2.464,2.183,-1.437,-0.016,-91.270,-0.979,1.119,-0.006,13.725,0,0.203,13.724,-1.270
30.422,17.981,2.489,2.183,-1.254,-0.022,-91.455,-1.010,1.154,-0.006,13.708,0,0.203,13.708,-1.454
30.445,17.959,2.513,2.182,-1.066,-0.028,-91.643,-0.960,1.098,-0.006,13.692,0,0.204,13.691,-1.643
30.467,17.936,2.539,2.182,-0.871,-0.033,-91.839,-0.950,1.085,-0.006,13.674,0,0.204,13.674,-1.838
30.490,17.915,2.564,2.182,-0.682,-0.038,-92.028,-1.014,1.159,-0.006,13.657,0,0.205,13.657,-2.028
30.511,17.893,2.589,2.182,-0.491,-0.042,-92.220,-0.975,1.115,-0.006,13.641,0,0.205,13.640,-2.219
30.533,17.871,2.614,2.182,-0.306,-0.046,-92.406,-1.013,1.157,-0.006,13.624,0,0.205,13.624,-2.405
30.555,17.850,2.638,2.182,-0.187,-0.046,-92.539,-0.962,1.099,-0.006,13.608,0,0.206,13.608,-2.538
30.578,17.832,2.660,2.181,-0.168,-0.041,-92.592,-0.954,1.102,-0.009,13.595,0,0.206,13.594,-2.592
30.600,17.813,2.682,2.181,-0.149,-0.037,-92.647,-0.830,0.989,-0.016,13.581,0,0.206,13.580,-2.646
30.623,17.794,2.705,2.181,-0.129,-0.032,-92.702,-0.829,0.988,-0.016,13.566,0,0.206,13.566,-2.701
30.646,17.775,2.727,2.180,-0.109,-0.028,-92.756,-0.853,1.016,-0.016,13.552,0,0.206,13.552,-2.756
30.668,17.756,2.750,2.180,-0.089,-0.024,-92.812,-0.823,0.980,-0.016,13.538,0,0.206,13.538,-2.811
30.690,17.737,2.773,2.180,-0.070,-0.019,-92.866,-0.863,1.029,-0.016,13.524,0,0.206,13.524,-2.866
30.712,17.719,2.794,2.179,-0.051,-0.015,-92.919,-0.866,1.032,-0.016,13.511,0,0.206,13.511,-2.918
30.734,17.700,2.817,2.179,-0.031,-0.010,-92.974,-0.799,0.952,-0.015,13.497,0,0.207,13.497,-2.974
30.757,17.682,2.839,2.178,-0.012,-0.006,-93.027,-0.884,1.054,-0.017,13.484,0,0.207,13.483,-3.027
30.778,17.662,2.862,2.178,0.008,-0.001,-93.083,-0.801,0.954,-0.015,13.470,0,0.207,13.469,-3.082
30.801,17.645,2.883,2.178,0.021,0.003,-93.103,-0.886,1.056,-0.017,13.457,0,0.207,13.457,-3.103
30.823,17.629,2.903,2.177,0.018,0.005,-93.033,-0.770,0.927,-0.015,13.446,0,0.207,13.446,-3.033
30.846,17.614,2.922,2.177,0.015,0.008,-92.967,-0.727,0.925,-0.015,13.436,0,0.207,13.435,-2.967
30.868,17.599,2.941,2.177,0.013,0.011,-92.897,-0.642,0.817,-0.013,13.425,0,0.206,13.425,-2.897
30.889,17.584,2.961,2.177,0.010,0.013,-92.830,-0.712,0.906,-0.014,13.415,0,0.206,13.414,-2.830
30.912,17.569,2.980,2.176,0.008,0.016,-92.763,-0.687,0.875,-0.014,13.404,0,0.206,13.404,-2.763
30.935,17.553,2.999,2.176,0.005,0.019,-92.693,-0.655,0.833,-0.013,13.393,0,0.206,13.393,-2.693
30.956,17.538,3.019,2.176,0.002,0.021,-92.623,-0.677,0.862,-0.014,13.383,0,0.206,13.382,-2.622
30.979,17.523,3.038,2.175,-0.000,0.024,-92.559,-0.755,0.961,-0.015,13.373,0,0.206,13.372,-2.559
31.000,17.508,3.057,2.175,-0.003,0.027,-92.490,-0.627,0.798,-0.013,13.362,0,0.206,13.362,-2.489
31.022,17.493,3.076,2.175,-0.006,0.029,-92.425,-0.733,0.933,-0.015,13.352,0,0.205,13.352,-2.424
31.045,17.478,3.095,2.174,-0.008,0.032,-92.355,-0.654,0.833,-0.013,13.342,0,0.205,13.342,-2.355
31.067,17.466,3.112,2.174,-0.010,0.031,-92.249,-0.657,0.837,-0.013,13.334,0,0.205,13.334,-2.249
31.089,17.455,3.128,2.174,-0.012,0.030,-92.150,-0.554,0.784,-0.009,13.327,0,0.205,13.327,-2.149
31.111,17.443,3.145,2.174,-0.014,0.029,-92.047,-0.509,0.721,-0.008,13.320,0,0.205,13.319,-2.047
31.134,17.432,3.161,2.174,-0.016,0.029,-91.946,-0.528,0.748,-0.009,13.312,0,0.204,13.312,-1.946
31.157,17.420,3.178,2.173,-0.018,0.028,-91.843,-0.511,0.724,-0.008,13.305,0,0.204,13.304,-1.843
31.179,17.408,3.194,2.173,-0.020,0.027,-91.738,-0.510,0.723,-0.008,13.297,0,0.204,13.297,-1.738
31.201,17.396,3.211,2.173,-0.023,0.027,-91.635,-0.535,0.758,-0.009,13.290,0,0.204,13.290,-1.635
31.223,17.385,3.227,2.173,-0.025,0.026,-91.536,-0.539,0.763,-0.009,13.283,0,0.203,13.283,-1.536
31.245,17.374,3.243,2.173,-0.027,0.025,-91.435,-0.510,0.722,-0.008,13.276,0,0.203,13.275,-1.434
31.267,17.362,3.260,2.172,-0.029,0.024,-91.332,-0.518,0.735,-0.008,13.269,0,0.203,13.268,-1.332
31.290,17.351,3.276,2.172,-0.031,0.024,-91.232,-0.528,0.749,-0.009,13.262,0,0.203,13.261,-1.231
31.312,17.341,3.291,2.172,-0.032,0.023,-91.161,-0.501,0.710,-0.008,13.256,0,0.203,13.256,-1.160
31.334,17.333,3.304,2.172,-0.033,0.022,-91.103,-0.423,0.673,-0.006,13.252,0,0.202,13.251,-1.102
31.356,17.325,3.318,2.172,-0.034,0.021,-91.044,-0.365,0.606,-0.004,13.247,0,0.202,13.247,-1.043
31.378,17.317,3.332,2.172,-0.035,0.021,-90.985,-0.380,0.631,-0.004,13.243,0,0.202,13.242,-0.985
31.400,17.308,3.345,2.172,-0.037,0.020,-90.927,-0.374,0.621,-0.004,13.238,0,0.202,13.238,-0.927
31.422,17.300,3.359,2.172,-0.038,0.019,-90.869,-0.373,0.620,-0.004,13.234,0,0.202,13.233,-0.869
31.445,17.292,3.373,2.172,-0.039,0.018,-90.810,-0.366,0.609,-0.004,13.229,0,0.202,13.229,-0.810
31.467,17.283,3.387,2.171,-0.040,0.017,-90.750,-0.361,0.599,-0.004,13.224,0,0.202,13.224,-0.749
31.490,17.275,3.401,2.171,-0.041,0.017,-90.692,-0.392,0.651,-0.005,13.220,0,0.202,13.220,-0.691
31.512,17.267,3.415,2.171,-0.042,0.016,-90.632,-0.361,0.599,-0.004,13.215,0,0.201,13.215,-0.631
31.534,17.259,3.428,2.171,-0.044,0.015,-90.575,-0.390,0.648,-0.005,13.211,0,0.201,13.211,-0.574
31.560,17.252,3.440,2.171,-0.043,0.016,-90.553,-0.359,0.597,-0.004,13.208,0,0.201,13.208,-0.552
31.578,17.246,3.454,2.171,-0.041,0.017,-90.560,-0.239,0.465,-0.002,13.206,0,0.201,13.205,-0.560
31.601,17.242,3.462,2.171,-0.040,0.018,-90.565,-0.341,0.764,-0.001,13.204,0,0.201,13.204,-0.565
31.622,17.237,3.474,2.171,-0.038,0.020,-90.572,-0.171,0.383,-0.000,13.203,0,0.201,13.202,-0.572
31.646,17.232,3.485,2.171,-0.036,0.021,-90.579,-0.236,0.529,-0.001,13.201,0,0.201,13.200,-0.578
31.667,17.227,3.497,2.171,-0.034,0.022,-90.585,-0.208,0.467,-0.000,13.199,0,0.201,13.198,-0.585
31.689,17.222,3.507,2.171,-0.032,0.023,-90.592,-0.247,0.554,-0.001,13.197,0,0.201,13.197,-0.591
31.712,17.218,3.518,2.171,-0.031,0.025,-90.598,-0.216,0.484,-0.000,13.195,0,0.201,13.195,-0.598
31.735,17.212,3.530,2.171,-0.029,0.026,-90.605,-0.218,0.488,-0.000,13.193,0,0.201,13.193,-0.604
31.757,17.207,3.542,2.171,-0.027,0.028,-90.612,-0.216,0.484,-0.000,13.191,0,0.201,13.191,-0.611
31.778,17.202,3.552,2.171,-0.025,0.029,-90.618,-0.249,0.559,-0.001,13.190,0,0.201,13.189,-0.617
31.800,17.198,3.562,2.171,-0.024,0.029,-90.640,-0.220,0.493,-0.000,13.189,0,0.201,13.188,-0.639
31.823,17.196,3.571,2.171,-0.022,0.027,-90.683,-0.177,0.457,0.001,13.189,0,0.202,13.189,-0.682
31.846,17.194,3.580,2.171,-0.021,0.025,-90.726,-0.087,0.397,0.003,13.190,0,0.202,13.189,-0.725
31.867,17.192,3.590,2.171,-0.020,0.023,-90.770,-0.086,0.393,0.003,13.190,0,0.202,13.190,-0.769
31.889,17.191,3.598,2.171,-0.018,0.022,-90.811,-0.094,0.428,0.003,13.191,0,0.202,13.190,-0.811
31.912,17.189,3.607,2.171,-0.017,0.020,-90.853,-0.086,0.392,0.003,13.191,0,0.202,13.191,-0.853
31.935,17.187,3.616,2.171,-0.016,0.018,-90.896,-0.086,0.393,0.003,13.192,0,0.202,13.191,-0.896
31.956,17.185,3.625,2.172,-0.014,0.016,-90.940,-0.086,0.392,0.003,13.193,0,0.202,13.192,-0.940
31.978,17.183,3.634,2.172,-0.013,0.014,-90.981,-0.094,0.430,0.003,13.193,0,0.202,13.193,-0.981
32.000,17.181,3.643,2.172,-0.012,0.013,-91.023,-0.086,0.392,0.003,13.194,0,0.202,13.193,-1.023
32.023,17.179,3.652,2.172,-0.010,0.011,-91.066,-0.086,0.395,0.003,13.194,0,0.202,13.194,-1.066
32.046,17.177,3.660,2.172,-0.009,0.009,-91.108,-0.087,0.399,0.003,13.195,0,0.202,13.195,-1.108
32.067,17.178,3.667,2.172,-0.010,0.009,-91.147,-0.072,0.381,0.003,13.198,0,0.203,13.198,-1.146
32.089,17.179,3.674,2.172,-0.011,0.009,-91.183,0.047,0.324,0.005,13.201,0,0.203,13.200,-1.182
32.111,17.180,3.680,2.172,-0.012,0.009,-91.219,0.044,0.303,0.005,13.203,0,0.203,13.203,-1.219
32.134,17.181,3.687,2.172,-0.012,0.009,-91.258,0.041,0.284,0.005,13.206,0,0.203,13.206,-1.257
32.157,17.182,3.694,2.172,-0.013,0.010,-91.295,0.045,0.311,0.005,13.209,0,0.203,13.209,-1.295
32.179,17.183,3.701,2.172,-0.014,0.010,-91.334,0.043,0.294,0.005,13.212,0,0.203,13.212,-1.333
32.201,17.184,3.708,2.173,-0.015,0.010,-91.371,0.045,0.313,0.005,13.215,0,0.203,13.214,-1.370
32.223,17.185,3.714,2.173,-0.015,0.010,-91.409,0.044,0.300,0.005,13.218,0,0.203,13.217,-1.408
32.246,17.186,3.721,2.173,-0.016,0.010,-91.445,0.045,0.311,0.005,13.220,0,0.203,13.220,-1.445
32.267,17.187,3.728,2.173,-0.017,0.010,-91.484,0.042,0.287,0.005,13.223,0,0.203,13.223,-1.484
32.290,17.188,3.734,2.173,-0.018,0.010,-91.520,0.047,0.323,0.005,13.226,0,0.203,13.226,-1.520
32.312,17.191,3.740,2.173,-0.581,0.247,-91.541,0.042,0.290,0.005,13.230,0,0.203,13.230,-1.541
32.334,17.194,3.744,2.173,-1.295,0.547,-91.561,0.124,0.241,0.006,13.235,0,0.203,13.234,-1.560
32.357,17.197,3.749,2.173,-2.017,0.850,-91.584,0.143,0.214,0.006,13.239,0,0.204,13.239,-1.583
32.378,17.201,3.754,2.174,-2.762,1.163,-91.612,0.140,0.210,0.006,13.244,0,0.204,13.243,-1.611
32.401,17.204,3.759,2.174,-3.449,1.450,-91.641,0.157,0.235,0.007,13.248,0,0.204,13.248,-1.641
32.422,17.207,3.764,2.174,-4.172,1.752,-91.676,0.138,0.206,0.006,13.252,0,0.204,13.252,-1.675
32.445,17.210,3.768,2.174,-4.870,2.044,-91.713,0.150,0.224,0.007,13.257,0,0.204,13.256,-1.712
32.467,17.213,3.773,2.174,-5.626,2.358,-91.757,0.134,0.201,0.006,13.261,0,0.204,13.261,-1.756
32.489,17.216,3.778,2.174,-6.324,2.648,-91.801,0.157,0.234,0.007,13.266,0,0.204,13.265,-1.801
32.511,17.220,3.783,2.174,-7.055,2.951,-91.851,0.139,0.207,0.006,13.270,0,0.204,13.270,-1.851
32.535,17.223,3.788,2.175,-7.760,3.242,-91.903,0.150,0.225,0.007,13.275,0,0.204,13.274,-1.903
32.556,17.223,3.794,2.175,-8.602,3.726,-91.933,0.134,0.200,0.006,13.277,0,0.204,13.276,-1.932
32.578,17.221,3.801,2.175,-9.435,4.292,-91.946,0.007,0.296,0.001,13.277,0,0.204,13.276,-1.945
32.600,17.219,3.807,2.174,-10.271,4.860,-91.967,-0.085,0.309,-0.003,13.277,0,0.204,13.276,-1.966
32.623,17.217,3.814,2.174,-11.128,5.442,-91.997,-0.083,0.303,-0.003,13.277,0,0.204,13.277,-1.996
32.645,17.215,3.821,2.174,-11.995,6.028,-92.036,-0.085,0.307,-0.003,13.277,0,0.205,13.277,-2.036
32.667,17.214,3.828,2.174,-12.842,6.599,-92.083,-0.088,0.318,-0.003,13.277,0,0.205,13.277,-2.083
32.689,17.212,3.835,2.174,-13.702,7.178,-92.140,-0.084,0.306,-0.003,13.278,0,0.205,13.277,-2.139
32.712,17.210,3.842,2.174,-14.569,7.759,-92.206,-0.085,0.308,-0.003,13.278,0,0.205,13.277,-2.205
32.735,17.208,3.849,2.174,-15.443,8.343,-92.281,-0.085,0.308,-0.003,13.278,0,0.205,13.277,-2.280
32.757,17.206,3.856,2.174,-16.355,8.948,-92.369,-0.082,0.298,-0.003,13.278,0,0.205,13.278,-2.368
32.778,17.204,3.863,2.174,-17.208,9.512,-92.460,-0.091,0.332,-0.003,13.278,0,0.205,13.278,-2.459
32.801,17.199,3.871,2.174,-16.975,9.441,-92.352,-0.087,0.317,-0.003,13.276,0,0.205,13.275,-2.351
32.823,17.187,3.884,2.174,-15.732,8.779,-92.059,-0.234,0.381,0.003,13.268,0,0.205,13.268,-2.059
32.846,17.176,3.896,2.175,-14.504,8.116,-91.784,-0.524,0.554,0.012,13.261,0,0.204,13.260,-1.783
32.868,17.164,3.908,2.175,-13.241,7.425,-91.515,-0.504,0.533,0.012,13.253,0,0.203,13.253,-1.515
32.890,17.152,3.921,2.175,-12.032,6.755,-91.272,-0.541,0.572,0.013,13.246,0,0.203,13.245,-1.271
32.913,17.141,3.933,2.175,-10.821,6.077,-91.042,-0.517,0.548,0.012,13.238,0,0.202,13.238,-1.042
32.935,17.129,3.946,2.176,-9.549,5.357,-90.816,-0.493,0.522,0.012,13.231,0,0.202,13.230,-0.815
32.957,17.117,3.957,2.176,-8.372,4.685,-90.620,-0.561,0.593,0.013,13.224,0,0.201,13.223,-0.620
32.978,17.106,3.970,2.176,-7.179,3.997,-90.436,-0.511,0.541,0.012,13.216,0,0.201,13.216,-0.435
33.001,17.095,3.981,2.177,-6.002,3.313,-90.268,-0.526,0.557,0.013,13.209,0,0.201,13.209,-0.267
33.023,17.083,3.994,2.177,-4.800,2.610,-90.110,-0.508,0.537,0.012,13.202,0,0.200,13.201,-0.110
33.046,17.071,4.006,2.177,-3.829,2.024,-90.008,-0.506,0.536,0.012,13.194,0,0.200,13.194,-0.007
33.067,17.060,4.017,2.177,-3.639,1.857,-90.040,-0.531,0.558,0.013,13.187,0,0.200,13.186,-0.040
33.091,17.049,4.028,2.178,-3.453,1.695,-90.072,-0.520,0.523,0.015,13.180,0,0.200,13.179,-0.072
33.112,17.038,4.040,2.178,-3.255,1.522,-90.107,-0.470,0.473,0.013,13.172,0,0.200,13.172,-0.107
33.135,17.027,4.051,2.178,-3.071,1.361,-90.140,-0.544,0.547,0.015,13.165,0,0.200,13.165,-0.140
33.157,17.015,4.063,2.179,-2.876,1.192,-90.175,-0.478,0.482,0.013,13.158,0,0.200,13.158,-0.175
33.179,17.004,4.074,2.179,-2.681,1.022,-90.212,-0.501,0.504,0.014,13.151,0,0.200,13.150,-0.211
33.201,16.993,4.085,2.179,-2.496,0.860,-90.246,-0.532,0.536,0.015,13.144,0,0.201,13.143,-0.246
33.223,16.982,4.096,2.180,-2.311,0.700,-90.281,-0.506,0.510,0.014,13.137,0,0.201,13.136,-0.281
33.245,16.971,4.108,2.180,-2.116,0.531,-90.319,-0.477,0.480,0.013,13.130,0,0.201,13.129,-0.319
33.267,16.960,4.119,2.180,-1.927,0.367,-90.356,-0.523,0.526,0.015,13.123,0,0.201,13.122,-0.355
33.290,16.949,4.130,2.181,-1.741,0.206,-90.393,-0.508,0.512,0.014,13.116,0,0.201,13.115,-0.392
33.311,16.939,4.140,2.181,-1.597,0.163,-90.470,-0.479,0.483,0.013,13.110,0,0.201,13.109,-0.470
33.334,16.930,4.149,2.181,-1.469,0.144,-90.551,-0.446,0.453,0.006,13.104,0,0.201,13.104,-0.550
33.356,16.921,4.158,2.181,-1.336,0.125,-90.634,-0.387,0.395,0.004,13.098,0,0.201,13.098,-0.634
33.378,16.912,4.167,2.181,-1.207,0.106,-90.715,-0.421,0.429,0.004,13.093,0,0.202,13.092,-0.715
33.400,16.903,4.176,2.181,-1.076,0.088,-90.798,-0.399,0.407,0.004,13.087,0,0.202,13.087,-0.797
33.424,16.894,4.185,2.181,-0.946,0.069,-90.880,-0.408,0.417,0.004,13.082,0,0.202,13.081,-0.879
33.446,16.885,4.195,2.181,-0.809,0.050,-90.966,-0.383,0.390,0.004,13.076,0,0.202,13.075,-0.966
33.467,16.876,4.204,2.181,-0.677,0.032,-91.049,-0.424,0.433,0.004,13.070,0,0.202,13.070,-1.048
33.489,16.867,4.213,2.181,-0.552,0.015,-91.128,-0.425,0.434,0.004,13.065,0,0.203,13.064,-1.127
33.512,16.858,4.222,2.181,-0.423,-0.002,-91.209,-0.394,0.402,0.004,13.059,0,0.203,13.059,-1.209
33.534,16.849,4.231,2.182,-0.290,-0.020,-91.293,-0.393,0.401,0.004,13.054,0,0.203,13.053,-1.292
33.556,16.842,4.239,2.182,-0.419,0.101,-91.359,-0.408,0.416,0.004,13.050,0,0.203,13.049,-1.358
33.578,16.835,4.247,2.181,-0.706,0.306,-91.414,-0.329,0.361,0.000,13.046,0,0.203,13.045,-1.413
33.601,16.829,4.254,2.181,-0.992,0.510,-91.470,-0.285,0.329,-0.002,13.042,0,0.203,13.042,-1.469
33.622,16.823,4.261,2.181,-1.280,0.714,-91.527,-0.282,0.325,-0.002,13.039,0,0.203,13.038,-1.527
33.644,16.817,4.268,2.181,-1.555,0.909,-91.583,-0.297,0.343,-0.002,13.035,0,0.204,13.035,-1.582
33.667,16.811,4.275,2.181,-1.846,1.115,-91.642,-0.268,0.309,-0.001,13.032,0,0.204,13.031,-1.642
33.689,16.804,4.283,2.181,-2.138,1.321,-91.704,-0.282,0.325,-0.002,13.028,0,0.204,13.028,-1.703
33.711,16.798,4.290,2.181,-2.432,1.528,-91.766,-0.283,0.326,-0.002,13.025,0,0.204,13.024,-1.766
33.734,16.791,4.297,2.181,-2.719,1.729,-91.828,-0.291,0.335,-0.002,13.021,0,0.204,13.021,-1.827
33.756,16.785,4.305,2.181,-3.012,1.935,-91.892,-0.277,0.320,-0.001,13.017,0,0.204,13.017,-1.892
33.778,16.779,4.312,2.181,-3.299,2.135,-91.956,-0.290,0.335,-0.002,13.014,0,0.204,13.013,-1.956
33.801,16.772,4.320,2.181,-3.896,2.610,-92.001,-0.277,0.320,-0.001,13.010,0,0.204,13.010,-2.000
33.823,16.764,4.328,2.181,-4.839,3.390,-92.030,-0.302,0.346,-0.004,13.006,0,0.205,13.005,-2.030
33.845,16.757,4.337,2.181,-5.760,4.150,-92.072,-0.351,0.395,-0.008,13.001,0,0.205,13.001,-2.071
33.868,16.749,4.345,2.181,-6.694,4.920,-92.126,-0.338,0.380,-0.008,12.997,0,0.205,12.997,-2.126
33.889,16.741,4.354,2.180,-7.653,5.708,-92.195,-0.333,0.375,-0.008,12.993,0,0.205,12.992,-2.195
33.911,16.734,4.362,2.180,-8.552,6.443,-92.272,-0.366,0.412,-0.009,12.989,0,0.205,12.988,-2.271
33.935,16.727,4.371,2.180,-9.495,7.210,-92.364,-0.327,0.368,-0.008,12.984,0,0.205,12.984,-2.364
33.956,16.719,4.380,2.180,-10.491,8.017,-92.476,-0.325,0.366,-0.008,12.980,0,0.206,12.979,-2.475
33.979,16.711,4.388,2.180,-11.400,8.749,-92.590,-0.376,0.423,-0.009,12.976,0,0.206,12.975,-2.589
34.001,16.703,4.397,2.180,-12.396,9.545,-92.728,-0.313,0.353,-0.007,12.971,0,0.206,12.971,-2.727
34.023,16.696,4.405,2.179,-13.329,10.286,-92.869,-0.366,0.413,-0.009,12.967,0,0.206,12.967,-2.869
34.046,16.688,4.414,2.179,-14.061,10.869,-92.959,-0.337,0.379,-0.008,12.963,0,0.207,12.962,-2.959
34.067,16.671,4.431,2.179,-14.064,10.899,-92.828,-0.355,0.387,-0.010,12.953,0,0.206,12.952,-2.828
34.089,16.656,4.446,2.179,-14.067,10.927,-92.707,-0.784,0.791,-0.005,12.944,0,0.206,12.943,-2.706
34.111,16.641,4.461,2.179,-14.070,10.956,-92.584,-0.696,0.699,-0.006,12.935,0,0.206,12.934,-2.583
34.134,16.626,4.477,2.179,-14.073,10.985,-92.456,-0.681,0.684,-0.006,12.926,0,0.205,12.925,-2.456
34.156,16.610,4.493,2.178,-14.076,11.015,-92.326,-0.683,0.686,-0.006,12.916,0,0.205,12.916,-2.325
34.178,16.594,4.509,2.178,-14.079,11.045,-92.197,-0.715,0.719,-0.007,12.907,0,0.205,12.906,-2.197
34.200,16.578,4.524,2.178,-14.081,11.074,-92.070,-0.710,0.713,-0.007,12.898,0,0.205,12.897,-2.069
34.223,16.563,4.540,2.178,-14.084,11.104,-91.943,-0.707,0.710,-0.007,12.889,0,0.204,12.888,-1.943
34.245,16.547,4.556,2.178,-14.087,11.134,-91.813,-0.682,0.685,-0.006,12.880,0,0.204,12.879,-1.812
34.268,16.531,4.572,2.178,-14.089,11.164,-91.684,-0.714,0.717,-0.007,12.870,0,0.204,12.870,-1.683
34.289,16.515,4.588,2.178,-14.092,11.193,-91.555,-0.702,0.705,-0.006,12.861,0,0.203,12.861,-1.555
34.312,16.496,4.607,2.178,-14.058,11.163,-91.448,-0.725,0.728,-0.007,12.850,0,0.203,12.849,-1.447
34.334,16.472,4.629,2.178,-14.014,11.117,-91.343,-0.895,0.867,0.001,12.836,0,0.203,12.835,-1.343
34.356,16.448,4.652,2.178,-13.970,11.070,-91.238,-1.058,1.007,0.006,12.822,0,0.203,12.821,-1.238
34.379,16.424,4.675,2.178,-13.925,11.023,-91.132,-1.059,1.008,0.006,12.808,0,0.203,12.807,-1.132
34.401,16.400,4.698,2.178,-13.880,10.975,-91.025,-1.053,1.003,0.006,12.794,0,0.202,12.793,-1.025
34.423,16.376,4.720,2.178,-13.837,10.929,-90.922,-1.109,1.055,0.006,12.780,0,0.202,12.780,-0.922
34.446,16.353,4.742,2.178,-13.794,10.882,-90.819,-1.067,1.016,0.006,12.767,0,0.202,12.766,-0.819
34.468,16.328,4.766,2.179,-13.749,10.833,-90.710,-1.008,0.959,0.006,12.752,0,0.202,12.752,-0.710
34.489,16.305,4.788,2.179,-13.707,10.788,-90.609,-1.141,1.086,0.007,12.739,0,0.201,12.739,-0.608
34.512,16.283,4.809,2.179,-13.665,10.742,-90.509,-1.086,1.034,0.006,12.726,0,0.201,12.726,-0.508
34.534,16.259,4.832,2.179,-13.621,10.694,-90.403,-1.002,0.954,0.006,12.713,0,0.201,12.712,-0.402
34.557,16.233,4.856,2.179,-13.434,10.463,-90.295,-1.078,1.026,0.006,12.698,0,0.201,12.698,-0.295
34.579,16.201,4.885,2.179,-13.021,9.942,-90.185,-1.137,1.067,0.008,12.680,0,0.200,12.680,-0.185
34.601,16.171,4.913,2.180,-12.624,9.437,-90.082,-1.432,1.304,0.013,12.663,0,0.200,12.662,-0.082
34.623,16.141,4.940,2.180,-12.226,8.928,-89.983,-1.373,1.250,0.012,12.646,0,0.200,12.645,0.018
34.646,16.109,4.969,2.180,-11.817,8.403,-89.884,-1.343,1.223,0.012,12.628,0,0.200,12.627,0.117
34.668,16.078,4.997,2.180,-11.415,7.885,-89.790,-1.404,1.279,0.013,12.611,0,0.200,12.610,0.210
34.690,16.048,5.025,2.181,-11.026,7.381,-89.703,-1.425,1.297,0.013,12.594,0,0.199,12.593,0.298
34.712,16.017,5.052,2.181,-10.634,6.871,-89.618,-1.371,1.248,0.012,12.577,0,0.199,12.576,0.382
34.735,15.986,5.081,2.181,-10.227,6.339,-89.534,-1.326,1.207,0.012,12.560,0,0.199,12.559,0.467
34.757,15.955,5.109,2.182,-9.833,5.823,-89.456,-1.428,1.301,0.013,12.543,0,0.199,12.542,0.545
34.778,15.924,5.138,2.182,-9.437,5.301,-89.381,-1.371,1.249,0.012,12.526,0,0.199,12.526,0.620
34.801,15.894,5.164,2.182,-9.269,4.806,-89.339,-1.461,1.330,0.013,12.510,0,0.199,12.509,0.661
34.823,15.858,5.194,2.182,-10.133,4.272,-89.425,-1.315,1.184,0.012,12.489,0,0.199,12.489,0.575
34.846,15.823,5.222,2.183,-10.972,3.752,-89.501,-1.635,1.322,0.013,12.469,0,0.199,12.469,0.500
34.868,15.787,5.251,2.183,-11.844,3.209,-89.571,-1.524,1.232,0.012,12.449,0,0.199,12.448,0.429
34.890,15.753,5.279,2.183,-12.661,2.699,-89.630,-1.695,1.371,0.014,12.429,0,0.199,12.429,0.370
34.912,15.716,5.308,2.184,-13.528,2.157,-89.685,-1.495,1.209,0.012,12.409,0,0.199,12.408,0.316
34.934,15.682,5.336,2.184,-14.352,1.640,-89.729,-1.671,1.352,0.013,12.390,0,0.199,12.389,0.272
34.957,15.647,5.365,2.184,-15.190,1.114,-89.766,-1.559,1.261,0.013,12.370,0,0.199,12.370,0.235
34.979,15.611,5.394,2.184,-16.048,0.574,-89.796,-1.551,1.254,0.013,12.351,0,0.200,12.350,0.205
35.001,15.575,5.422,2.185,-16.885,0.046,-89.817,-1.628,1.316,0.013,12.332,0,0.200,12.331,0.183
35.023,15.540,5.451,2.185,-17.718,-0.479,-89.831,-1.594,1.289,0.013,12.313,0,0.200,12.312,0.169
35.046,15.504,5.479,2.185,-18.534,-0.997,-89.853,-1.559,1.260,0.013,12.293,0,0.200,12.292,0.148
35.068,15.459,5.503,2.185,-19.078,-1.366,-89.988,-1.618,1.280,0.012,12.263,0,0.200,12.262,0.012
35.090,15.414,5.526,2.185,-19.606,-1.726,-90.117,-2.104,1.085,-0.007,12.233,0,0.200,12.233,-0.117
35.112,15.369,5.549,2.185,-20.140,-2.093,-90.244,-2.019,1.041,-0.007,12.204,0,0.201,12.203,-0.244
35.135,15.323,5.572,2.185,-20.682,-2.466,-90.370,-2.013,1.038,-0.007,12.174,0,0.201,12.173,-0.369
35.157,15.277,5.596,2.185,-21.228,-2.844,-90.493,-2.028,1.046,-0.007,12.143,0,0.201,12.143,-0.492
35.179,15.231,5.620,2.184,-21.774,-3.224,-90.612,-2.046,1.055,-0.007,12.114,0,0.201,12.113,-0.612
35.201,15.187,5.643,2.184,-22.294,-3.587,-90.723,-2.142,1.105,-0.007,12.085,0,0.202,12.085,-0.723
35.223,15.141,5.666,2.184,-22.832,-3.963,-90.834,-1.980,1.021,-0.007,12.056,0,0.202,12.055,-0.834
35.246,15.096,5.690,2.184,-23.367,-4.340,-90.941,-2.051,1.058,-0.007,12.027,0,0.202,12.026,-0.941
35.268,15.049,5.714,2.184,-23.914,-4.725,-91.047,-2.004,1.033,-0.007,11.997,0,0.202,11.997,-1.047
35.290,15.004,5.737,2.184,-24.448,-5.103,-91.148,-2.090,1.078,-0.007,11.969,0,0.203,11.968,-1.147
35.312,14.947,5.755,2.184,-24.487,-5.230,-91.302,-2.059,1.062,-0.007,11.927,0,0.203,11.926,-1.302
35.335,14.886,5.772,2.184,-24.400,-5.292,-91.471,-2.613,0.818,-0.001,11.882,0,0.203,11.882,-1.470
35.357,14.823,5.789,2.184,-24.309,-5.357,-91.647,-2.621,0.716,0.000,11.836,0,0.204,11.835,-1.647
35.380,14.764,5.805,2.184,-24.223,-5.418,-91.814,-2.913,0.796,0.000,11.792,0,0.204,11.791,-1.813
35.401,14.701,5.822,2.184,-24.132,-5.482,-91.991,-2.580,0.704,0.000,11.745,0,0.204,11.745,-1.991
35.423,14.641,5.839,2.184,-24.045,-5.543,-92.158,-2.915,0.796,0.000,11.702,0,0.205,11.701,-2.157
35.446,14.582,5.855,2.184,-23.959,-5.603,-92.323,-2.770,0.757,0.000,11.659,0,0.205,11.658,-2.323
35.467,14.520,5.872,2.184,-23.868,-5.665,-92.499,-2.591,0.708,0.000,11.613,0,0.206,11.613,-2.498
35.489,14.460,5.888,2.184,-23.781,-5.725,-92.667,-2.873,0.785,0.000,11.570,0,0.206,11.570,-2.666
35.511,14.400,5.904,2.184,-23.694,-5.785,-92.834,-2.747,0.750,0.000,11.527,0,0.206,11.527,-2.834
35.534,14.339,5.921,2.184,-23.604,-5.846,-93.007,-2.669,0.729,0.000,11.483,0,0.207,11.483,-3.006
35.557,14.270,5.934,2.184,-23.155,-5.836,-93.108,-2.679,0.732,0.000,11.431,0,0.207,11.430,-3.107
35.579,14.197,5.945,2.184,-22.426,-5.767,-93.146,-3.065,0.586,0.010,11.374,0,0.207,11.373,-3.146
35.601,14.126,5.955,2.185,-21.723,-5.700,-93.182,-3.344,0.477,0.018,11.319,0,0.207,11.319,-3.182
35.623,14.055,5.965,2.185,-21.009,-5.632,-93.218,-3.179,0.454,0.017,11.264,0,0.207,11.263,-3.218
35.646,13.983,5.975,2.185,-20.296,-5.563,-93.254,-3.236,0.462,0.017,11.209,0,0.207,11.208,-3.253
35.668,13.911,5.985,2.186,-19.574,-5.493,-93.288,-3.186,0.455,0.017,11.153,0,0.207,11.153,-3.288
35.690,13.838,5.996,2.186,-18.847,-5.422,-93.322,-3.206,0.457,0.017,11.097,0,0.207,11.097,-3.322
35.712,13.767,6.006,2.186,-18.135,-5.352,-93.355,-3.294,0.470,0.017,11.043,0,0.207,11.042,-3.354
35.734,13.697,6.016,2.187,-17.438,-5.283,-93.386,-3.297,0.470,0.017,10.990,0,0.208,10.989,-3.385
35.757,13.624,6.026,2.187,-16.711,-5.211,-93.417,-3.096,0.442,0.016,10.934,0,0.208,10.934,-3.417
35.778,13.552,6.037,2.188,-15.992,-5.139,-93.447,-3.264,0.466,0.017,10.880,0,0.208,10.879,-3.447
35.801,13.481,6.045,2.188,-15.536,-4.984,-93.434,-3.357,0.479,0.018,10.826,0,0.208,10.825,-3.433
35.823,13.404,6.050,2.188,-15.385,-4.703,-93.361,-3.141,0.372,0.017,10.765,0,0.207,10.764,-3.361
35.846,13.328,6.055,2.189,-15.236,-4.426,-93.289,-3.478,0.217,0.021,10.705,0,0.207,10.704,-3.289
35.867,13.250,6.060,2.189,-15.082,-4.141,-93.215,-3.330,0.208,0.020,10.643,0,0.207,10.643,-3.214
35.890,13.175,6.064,2.190,-14.934,-3.869,-93.143,-3.580,0.223,0.022,10.585,0,0.207,10.584,-3.142
35.912,13.098,6.069,2.190,-14.781,-3.588,-93.067,-3.301,0.206,0.020,10.524,0,0.207,10.524,-3.067
35.936,13.023,6.074,2.191,-14.631,-3.313,-92.993,-3.516,0.220,0.021,10.465,0,0.207,10.465,-2.992
35.957,12.942,6.079,2.191,-14.472,-3.021,-92.913,-3.219,0.201,0.019,10.403,0,0.206,10.403,-2.912
35.978,12.870,6.083,2.192,-14.329,-2.760,-92.841,-3.825,0.239,0.023,10.347,0,0.206,10.347,-2.840
36.001,12.796,6.088,2.192,-14.179,-2.488,-92.765,-3.290,0.205,0.020,10.290,0,0.206,10.289,-2.764
36.023,12.718,6.093,2.193,-14.024,-2.206,-92.685,-3.295,0.206,0.020,10.230,0,0.206,10.230,-2.685
36.046,12.642,6.097,2.193,-13.905,-1.967,-92.595,-3.548,0.222,0.021,10.172,0,0.206,10.172,-2.594
36.068,12.562,6.098,2.193,-13.931,-1.873,-92.439,-3.285,0.190,0.018,10.109,0,0.205,10.108,-2.438
36.090,12.484,6.100,2.193,-13.957,-1.782,-92.288,-3.633,0.056,0.003,10.047,0,0.205,10.047,-2.287
36.112,12.407,6.101,2.193,-13.982,-1.692,-92.138,-3.555,0.056,0.003,9.987,0,0.205,9.986,-2.138
36.136,12.330,6.102,2.193,-14.006,-1.602,-91.990,-3.526,0.055,0.003,9.927,0,0.204,9.926,-1.989
36.157,12.246,6.103,2.193,-14.032,-1.504,-91.828,-3.240,0.051,0.003,9.862,0,0.204,9.861,-1.828
36.179,12.173,6.105,2.193,-14.055,-1.419,-91.687,-4.023,0.063,0.003,9.805,0,0.204,9.805,-1.687
36.201,12.095,6.106,2.193,-14.079,-1.327,-91.537,-3.294,0.052,0.003,9.745,0,0.203,9.744,-1.536
36.223,12.018,6.107,2.194,-14.103,-1.237,-91.389,-3.573,0.056,0.003,9.686,0,0.203,9.685,-1.388
36.246,11.939,6.108,2.194,-14.127,-1.145,-91.236,-3.420,0.054,0.003,9.626,0,0.203,9.625,-1.236
36.268,11.859,6.109,2.194,-14.151,-1.050,-91.081,-3.444,0.054,0.003,9.564,0,0.202,9.564,-1.081
36.289,11.780,6.111,2.194,-14.174,-0.958,-90.929,-3.595,0.057,0.003,9.505,0,0.202,9.504,-0.928
36.312,11.707,6.110,2.194,-13.499,-0.880,-90.848,-3.775,0.059,0.003,9.448,0,0.202,9.448,-0.847
36.334,11.628,6.108,2.194,-12.565,-0.800,-90.777,-3.245,-0.039,-0.002,9.387,0,0.202,9.387,-0.777
36.356,11.550,6.107,2.194,-11.632,-0.721,-90.705,-3.493,-0.068,-0.003,9.327,0,0.202,9.326,-0.705
36.378,11.474,6.105,2.194,-10.732,-0.645,-90.634,-3.619,-0.071,-0.003,9.269,0,0.201,9.268,-0.634
36.400,11.398,6.104,2.193,-9.825,-0.571,-90.562,-3.471,-0.068,-0.003,9.210,0,0.201,9.210,-0.561
36.423,11.320,6.102,2.193,-8.900,-0.496,-90.487,-3.420,-0.067,-0.003,9.151,0,0.201,9.151,-0.486
36.445,11.241,6.101,2.193,-7.961,-0.421,-90.409,-3.444,-0.067,-0.003,9.091,0,0.201,9.091,-0.409
36.467,11.162,6.099,2.193,-7.026,-0.348,-90.331,-3.509,-0.068,-0.003,9.032,0,0.201,9.032,-0.331
36.489,11.087,6.098,2.193,-6.137,-0.280,-90.256,-3.675,-0.072,-0.003,8.976,0,0.201,8.976,-0.255
36.511,11.009,6.096,2.193,-5.209,-0.210,-90.176,-3.344,-0.065,-0.003,8.918,0,0.200,8.917,-0.175
36.534,10.931,6.095,2.193,-4.285,-0.141,-90.095,-3.510,-0.069,-0.003,8.860,0,0.200,8.860,-0.094
36.557,10.854,6.092,2.193,-3.673,-0.145,-90.064,-3.400,-0.066,-0.003,8.803,0,0.200,8.802,-0.063
36.578,10.781,6.089,2.192,-3.361,-0.212,-90.078,-3.448,-0.104,-0.009,8.748,0,0.200,8.748,-0.077
36.600,10.712,6.085,2.192,-3.061,-0.276,-90.092,-3.356,-0.162,-0.018,8.696,0,0.200,8.695,-0.091
36.623,10.640,6.082,2.192,-2.754,-0.341,-90.107,-3.145,-0.152,-0.017,8.643,0,0.200,8.642,-0.106
36.646,10.569,6.079,2.191,-2.445,-0.406,-90.122,-3.216,-0.155,-0.017,8.590,0,0.200,8.589,-0.121
36.668,10.495,6.075,2.191,-2.126,-0.474,-90.138,-3.106,-0.150,-0.017,8.535,0,0.200,8.534,-0.137
36.689,10.422,6.071,2.190,-1.812,-0.541,-90.154,-3.279,-0.158,-0.018,8.481,0,0.200,8.481,-0.153
36.712,10.354,6.068,2.190,-1.519,-0.603,-90.169,-3.459,-0.167,-0.019,8.432,0,0.200,8.431,-0.169
36.734,10.282,6.065,2.190,-1.209,-0.668,-90.186,-3.043,-0.147,-0.016,8.379,0,0.200,8.379,-0.185
36.756,10.209,6.061,2.189,-0.894,-0.735,-90.203,-3.171,-0.153,-0.017,8.327,0,0.200,8.326,-0.203
36.778,10.138,6.058,2.189,-0.588,-0.799,-90.220,-3.324,-0.161,-0.018,8.276,0,0.200,8.275,-0.220
36.800,10.070,6.054,2.189,-0.364,-1.226,-90.248,-3.286,-0.159,-0.018,8.226,0,0.201,8.226,-0.248
36.823,10.007,6.045,2.188,-0.377,-2.870,-90.312,-3.032,-0.177,-0.019,8.177,0,0.201,8.177,-0.312
36.846,9.942,6.037,2.187,-0.389,-4.539,-90.377,-2.766,-0.366,-0.032,8.128,0,0.201,8.127,-0.376
36.867,9.879,6.029,2.186,-0.398,-6.184,-90.441,-2.847,-0.377,-0.033,8.079,0,0.201,8.079,-0.440
36.889,9.819,6.021,2.186,-0.406,-7.735,-90.501,-2.978,-0.395,-0.035,8.034,0,0.201,8.033,-0.500
36.911,9.758,6.012,2.185,-0.412,-9.343,-90.563,-2.708,-0.359,-0.032,7.987,0,0.201,7.986,-0.562
36.933,9.696,6.004,2.184,-0.416,-10.945,-90.625,-2.819,-0.373,-0.033,7.940,0,0.201,7.940,-0.624
36.954,9.635,5.996,2.183,-0.418,-12.539,-90.687,-2.821,-0.374,-0.033,7.894,0,0.202,7.894,-0.686
36.976,9.575,5.988,2.183,-0.419,-14.089,-90.748,-2.887,-0.382,-0.034,7.849,0,0.202,7.849,-0.747
36.998,9.513,5.980,2.182,-0.418,-15.707,-90.811,-2.689,-0.356,-0.031,7.803,0,0.202,7.803,-0.811
37.020,9.451,5.972,2.181,-0.415,-17.309,-90.875,-2.837,-0.376,-0.033,7.757,0,0.202,7.757,-0.874
37.042,9.390,5.964,2.181,-0.410,-18.906,-90.939,-2.817,-0.373,-0.033,7.712,0,0.202,7.711,-0.939
37.064,9.334,5.942,2.180,-0.377,-19.157,-91.009,-2.824,-0.374,-0.033,7.660,0,0.202,7.660,-1.008
37.085,9.280,5.918,2.179,-0.339,-19.130,-91.079,-2.557,-0.982,-0.032,7.607,0,0.202,7.607,-1.079
37.107,9.226,5.893,2.178,-0.301,-19.102,-91.150,-2.488,-1.139,-0.032,7.554,0,0.203,7.553,-1.149
37.129,9.172,5.868,2.178,-0.263,-19.075,-91.220,-2.484,-1.137,-0.032,7.501,0,0.203,7.500,-1.219
37.150,9.117,5.843,2.177,-0.224,-19.047,-91.292,-2.443,-1.119,-0.031,7.447,0,0.203,7.446,-1.291
37.173,9.064,5.819,2.176,-0.187,-19.020,-91.360,-2.588,-1.185,-0.033,7.395,0,0.203,7.395,-1.360
37.193,9.008,5.793,2.176,-0.147,-18.992,-91.433,-2.355,-1.078,-0.030,7.341,0,0.203,7.340,-1.433
37.215,8.957,5.770,2.175,-0.112,-18.966,-91.500,-2.715,-1.243,-0.034,7.291,0,0.203,7.290,-1.499
37.237,8.903,5.745,2.174,-0.074,-18.938,-91.570,-2.359,-1.080,-0.030,7.239,0,0.203,7.238,-1.569
37.258,8.848,5.720,2.174,-0.035,-18.910,-91.641,-2.427,-1.112,-0.031,7.185,0,0.204,7.185,-1.641
37.280,8.796,5.696,2.173,0.002,-18.883,-91.710,-2.607,-1.194,-0.033,7.134,0,0.204,7.134,-1.709
37.302,8.745,5.667,2.173,0.029,-18.560,-91.764,-2.481,-1.136,-0.031,7.081,0,0.204,7.080,-1.764
37.324,8.697,5.626,2.173,0.030,-17.394,-91.784,-2.230,-1.265,-0.020,7.019,0,0.204,7.018,-1.783
37.345,8.651,5.587,2.173,0.031,-16.290,-91.802,-2.268,-1.920,-0.000,6.960,0,0.204,6.960,-1.801
37.368,8.604,5.548,2.173,0.032,-15.179,-91.820,-2.129,-1.803,-0.000,6.901,0,0.204,6.901,-1.820
37.390,8.556,5.507,2.173,0.032,-14.011,-91.839,-2.042,-1.729,-0.000,6.839,0,0.204,6.839,-1.839
37.412,8.509,5.467,2.173,0.032,-12.876,-91.858,-2.208,-1.870,-0.000,6.779,0,0.204,6.778,-1.857
37.433,8.461,5.427,2.172,0.031,-11.736,-91.876,-2.135,-1.808,-0.000,6.718,0,0.204,6.718,-1.876
37.455,8.416,5.388,2.172,0.030,-10.655,-91.894,-2.261,-1.915,-0.000,6.661,0,0.204,6.661,-1.893
37.478,8.368,5.348,2.172,0.029,-9.507,-91.912,-2.022,-1.713,-0.000,6.600,0,0.204,6.600,-1.912
37.500,8.320,5.307,2.172,0.027,-8.341,-91.931,-2.109,-1.787,-0.000,6.539,0,0.204,6.538,-1.931
37.523,8.272,5.266,2.172,0.025,-7.187,-91.950,-2.168,-1.836,-0.000,6.477,0,0.204,6.477,-1.949
37.544,8.224,5.225,2.172,0.022,-6.118,-91.963,-2.159,-1.829,-0.000,6.417,0,0.204,6.416,-1.962
37.567,8.186,5.184,2.173,0.016,-5.635,-91.935,-2.193,-1.877,-0.000,6.360,0,0.204,6.360,-1.935
37.589,8.145,5.139,2.173,0.011,-5.130,-91.906,-1.697,-1.847,0.010,6.301,0,0.204,6.300,-1.906
37.611,8.106,5.096,2.173,0.005,-4.634,-91.878,-1.816,-1.979,0.010,6.243,0,0.204,6.242,-1.878
37.635,8.066,5.053,2.173,0.000,-4.142,-91.851,-1.798,-1.959,0.010,6.185,0,0.204,6.185,-1.850
37.668,8.023,5.006,2.174,-0.005,-3.603,-91.820,-1.624,-1.770,0.009,6.122,0,0.204,6.121,-1.820
37.690,7.964,4.942,2.174,-0.012,-2.867,-91.779,-1.306,-1.423,0.007,6.036,0,0.204,6.035,-1.778
37.711,7.926,4.900,2.174,-0.016,-2.385,-91.752,-2.720,-2.963,0.015,5.979,0,0.204,5.979,-1.751
37.733,7.888,4.859,2.174,-0.020,-1.909,-91.725,-1.802,-1.963,0.010,5.923,0,0.204,5.923,-1.725
37.754,7.849,4.817,2.175,-0.023,-1.432,-91.698,-1.777,-1.936,0.010,5.867,0,0.204,5.867,-1.698
37.777,7.811,4.776,2.175,-0.027,-0.954,-91.672,-1.782,-1.941,0.010,5.811,0,0.204,5.811,-1.671
37.798,7.771,4.732,2.175,-0.029,-0.557,-91.642,-1.695,-1.846,0.010,5.753,0,0.204,5.752,-1.641
37.819,7.739,4.689,2.175,-0.030,-0.526,-91.607,-1.866,-2.043,0.010,5.699,0,0.204,5.698,-1.606
37.841,7.706,4.647,2.175,-0.030,-0.495,-91.572,-1.557,-2.036,0.002,5.646,0,0.203,5.645,-1.572
37.863,7.673,4.603,2.175,-0.031,-0.463,-91.536,-1.480,-1.935,0.002,5.591,0,0.203,5.590,-1.536
37.885,7.640,4.560,2.175,-0.031,-0.432,-91.501,-1.540,-2.013,0.002,5.537,0,0.203,5.536,-1.500
37.907,7.606,4.516,2.175,-0.032,-0.400,-91.465,-1.505,-1.967,0.002,5.481,0,0.203,5.481,-1.464
37.929,7.573,4.472,2.175,-0.033,-0.368,-91.429,-1.544,-2.018,0.002,5.426,0,0.203,5.426,-1.429
37.951,7.538,4.428,2.175,-0.033,-0.336,-91.393,-1.491,-1.949,0.002,5.370,0,0.203,5.369,-1.392
37.973,7.504,4.383,2.175,-0.034,-0.303,-91.356,-1.527,-1.996,0.002,5.314,0,0.203,5.313,-1.355
37.995,7.471,4.340,2.175,-0.034,-0.272,-91.321,-1.602,-2.094,0.002,5.260,0,0.203,5.259,-1.320
38.019,7.437,4.295,2.175,-0.034,-0.239,-91.284,-1.452,-1.898,0.002,5.203,0,0.203,5.202,-1.283
38.040,7.401,4.248,2.175,-0.035,-0.205,-91.245,-1.474,-1.926,0.002,5.144,0,0.203,5.143,-1.245
38.062,7.373,4.206,2.175,-0.034,-0.189,-91.226,-1.677,-2.191,0.002,5.094,0,0.203,5.093,-1.226
38.084,7.347,4.164,2.175,-0.033,-0.174,-91.209,-1.285,-1.959,-0.003,5.044,0,0.203,5.044,-1.209
38.107,7.320,4.121,2.175,-0.032,-0.160,-91.192,-1.184,-1.877,-0.003,4.993,0,0.203,4.993,-1.192
38.129,7.291,4.076,2.175,-0.031,-0.145,-91.174,-1.179,-1.868,-0.003,4.940,0,0.203,4.939,-1.174
38.152,7.264,4.033,2.175,-0.030,-0.130,-91.157,-1.300,-2.061,-0.004,4.889,0,0.203,4.889,-1.157
38.174,7.235,3.987,2.175,-0.029,-0.115,-91.139,-1.155,-1.830,-0.003,4.835,0,0.203,4.835,-1.138
38.196,7.209,3.946,2.175,-0.027,-0.101,-91.122,-1.362,-2.158,-0.004,4.787,0,0.202,4.786,-1.122
38.218,7.182,3.903,2.175,-0.026,-0.086,-91.105,-1.166,-1.848,-0.003,4.735,0,0.202,4.735,-1.105
38.241,7.155,3.859,2.175,-0.025,-0.072,-91.088,-1.228,-1.945,-0.004,4.684,0,0.202,4.684,-1.087
38.263,7.126,3.814,2.175,-0.024,-0.056,-91.070,-1.177,-1.864,-0.003,4.630,0,0.202,4.630,-1.069
38.286,7.099,3.771,2.175,-0.023,-0.042,-91.053,-1.322,-2.095,-0.004,4.580,0,0.202,4.580,-1.052
38.307,7.073,3.727,2.174,-0.023,-0.086,-91.050,-1.173,-1.858,-0.003,4.529,0,0.202,4.528,-1.049
38.330,7.052,3.685,2.174,-0.023,-0.161,-91.055,-1.227,-2.132,-0.004,4.483,0,0.202,4.482,-1.055
38.351,7.029,3.640,2.174,-0.023,-0.243,-91.062,-0.919,-1.807,-0.003,4.432,0,0.202,4.432,-1.061
38.373,7.008,3.597,2.174,-0.023,-0.319,-91.068,-1.076,-2.117,-0.003,4.385,0,0.202,4.385,-1.067
38.396,6.986,3.554,2.174,-0.023,-0.397,-91.074,-0.987,-1.942,-0.003,4.337,0,0.202,4.336,-1.073
38.418,6.963,3.509,2.174,-0.023,-0.479,-91.080,-0.965,-1.898,-0.003,4.287,0,0.202,4.286,-1.079
38.441,6.940,3.465,2.174,-0.023,-0.558,-91.086,-1.029,-2.024,-0.003,4.238,0,0.202,4.237,-1.085
38.462,6.918,3.421,2.174,-0.023,-0.637,-91.092,-1.009,-1.985,-0.003,4.189,0,0.202,4.189,-1.091
38.485,6.896,3.377,2.174,-0.023,-0.716,-91.098,-1.021,-2.008,-0.003,4.141,0,0.202,4.140,-1.097
38.508,6.873,3.333,2.174,-0.023,-0.796,-91.104,-0.979,-1.925,-0.003,4.091,0,0.202,4.091,-1.104
38.530,6.850,3.288,2.174,-0.023,-0.877,-91.110,-0.997,-1.960,-0.003,4.042,0,0.202,4.041,-1.110
38.553,6.829,3.244,2.174,-0.023,-0.921,-91.119,-1.026,-2.019,-0.003,3.993,0,0.204,3.993,-1.118
38.574,6.811,3.199,2.174,-0.022,-0.849,-91.135,-0.958,-1.938,-0.003,3.946,0,0.213,3.946,-1.134
38.597,6.794,3.156,2.174,-0.022,-0.780,-91.150,-0.834,-2.088,-0.002,3.901,0,0.222,3.901,-1.149
38.619,6.776,3.111,2.174,-0.022,-0.708,-91.166,-0.755,-1.889,-0.002,3.855,0,0.232,3.854,-1.165
38.642,6.758,3.068,2.174,-0.022,-0.639,-91.181,-0.817,-2.046,-0.002,3.809,0,0.241,3.809,-1.181
38.663,6.740,3.022,2.174,-0.021,-0.565,-91.197,-0.755,-1.891,-0.002,3.762,0,0.250,3.761,-1.197
38.687,6.723,2.980,2.173,-0.021,-0.497,-91.212,-0.844,-2.114,-0.002,3.717,0,0.259,3.717,-1.212
38.708,6.705,2.934,2.173,-0.021,-0.423,-91.229,-0.735,-1.841,-0.002,3.670,0,0.269,3.669,-1.228
38.731,6.688,2.891,2.173,-0.021,-0.355,-91.244,-0.853,-2.135,-0.002,3.625,0,0.278,3.625,-1.243
38.753,6.670,2.846,2.173,-0.021,-0.282,-91.260,-0.743,-1.861,-0.002,3.578,0,0.287,3.578,-1.259
38.775,6.652,2.803,2.173,-0.021,-0.213,-91.275,-0.839,-2.100,-0.002,3.534,0,0.296,3.533,-1.275
38.799,6.635,2.758,2.173,-0.021,-0.147,-91.291,-0.749,-1.874,-0.002,3.487,0,0.305,3.487,-1.290
38.820,6.621,2.713,2.173,-0.020,-0.136,-91.302,-0.769,-1.941,-0.002,3.444,0,0.314,3.443,-1.301
38.842,6.608,2.672,2.173,-0.019,-0.125,-91.312,-0.626,-2.063,-0.002,3.403,0,0.322,3.403,-1.311
38.863,6.596,2.630,2.173,-0.019,-0.115,-91.322,-0.583,-1.920,-0.002,3.363,0,0.330,3.363,-1.322
38.885,6.584,2.590,2.173,-0.018,-0.105,-91.332,-0.590,-1.943,-0.002,3.324,0,0.338,3.323,-1.332
38.907,6.571,2.548,2.173,-0.017,-0.095,-91.343,-0.563,-1.853,-0.002,3.283,0,0.346,3.283,-1.342
38.930,6.558,2.505,2.173,-0.017,-0.084,-91.353,-0.570,-1.878,-0.002,3.242,0,0.355,3.241,-1.353
38.952,6.545,2.462,2.173,-0.016,-0.073,-91.364,-0.583,-1.922,-0.002,3.201,0,0.363,3.200,-1.363
38.975,6.532,2.419,2.173,-0.015,-0.062,-91.374,-0.569,-1.874,-0.002,3.159,0,0.371,3.159,-1.374
38.998,6.519,2.376,2.173,-0.015,-0.052,-91.385,-0.582,-1.918,-0.002,3.117,0,0.380,3.117,-1.385
39.020,6.505,2.331,2.173,-0.014,-0.041,-91.396,-0.567,-1.868,-0.002,3.075,0,0.388,3.074,-1.396
39.043,6.493,2.290,2.173,-0.013,-0.030,-91.407,-0.626,-2.062,-0.002,3.035,0,0.396,3.035,-1.406
39.064,6.483,2.247,2.173,-0.012,-0.025,-91.411,-0.548,-1.807,-0.002,2.996,0,0.404,2.996,-1.410
39.087,6.474,2.206,2.173,-0.011,-0.022,-91.414,-0.451,-1.983,-0.000,2.960,0,0.411,2.959,-1.413
39.109,6.465,2.164,2.173,-0.010,-0.018,-91.417,-0.391,-1.841,-0.000,2.923,0,0.419,2.922,-1.417
39.131,6.456,2.121,2.173,-0.009,-0.014,-91.420,-0.396,-1.861,-0.000,2.886,0,0.426,2.885,-1.420
39.153,6.447,2.080,2.173,-0.008,-0.010,-91.423,-0.408,-1.917,-0.000,2.849,0,0.433,2.849,-1.423
39.176,6.439,2.039,2.173,-0.007,-0.007,-91.426,-0.405,-1.908,-0.000,2.813,0,0.441,2.813,-1.426
39.198,6.429,1.996,2.173,-0.006,-0.003,-91.430,-0.382,-1.797,-0.000,2.776,0,0.448,2.775,-1.429
39.220,6.421,1.955,2.173,-0.005,0.001,-91.433,-0.421,-1.979,-0.000,2.740,0,0.455,2.740,-1.432
39.242,6.412,1.913,2.173,-0.004,0.005,-91.436,-0.397,-1.867,-0.000,2.705,0,0.462,2.704,-1.435
39.265,6.403,1.871,2.173,-0.003,0.009,-91.439,-0.386,-1.816,-0.000,2.668,0,0.470,2.668,-1.438
39.287,6.394,1.829,2.173,-0.002,0.013,-91.442,-0.410,-1.929,-0.000,2.633,0,0.477,2.632,-1.442
39.309,6.387,1.787,2.173,-0.002,0.025,-91.440,-0.392,-1.843,-0.000,2.599,0,0.483,2.599,-1.439
39.331,6.382,1.748,2.173,-0.001,0.042,-91.434,-0.297,-1.904,-0.000,2.569,0,0.490,2.568,-1.433
39.353,6.377,1.707,2.173,-0.001,0.059,-91.428,-0.225,-1.775,-0.000,2.538,0,0.496,2.537,-1.428
39.377,6.372,1.667,2.173,-0.000,0.076,-91.423,-0.233,-1.840,-0.000,2.507,0,0.502,2.507,-1.422
39.399,6.367,1.625,2.173,0.000,0.093,-91.417,-0.217,-1.709,-0.000,2.475,0,0.508,2.475,-1.416
39.420,6.362,1.585,2.173,0.001,0.110,-91.411,-0.242,-1.906,-0.000,2.445,0,0.514,2.444,-1.410
39.443,6.357,1.546,2.173,0.001,0.127,-91.405,-0.237,-1.872,-0.000,2.416,0,0.520,2.415,-1.405
39.466,6.352,1.504,2.173,0.002,0.144,-91.400,-0.217,-1.712,-0.000,2.386,0,0.526,2.385,-1.399
39.487,6.346,1.464,2.173,0.002,0.161,-91.394,-0.235,-1.850,-0.000,2.356,0,0.532,2.356,-1.393
39.509,6.341,1.424,2.173,0.003,0.178,-91.388,-0.235,-1.850,-0.000,2.328,0,0.538,2.327,-1.388
39.532,6.336,1.384,2.173,0.003,0.195,-91.383,-0.228,-1.800,-0.000,2.300,0,0.543,2.299,-1.382
39.554,6.332,1.344,2.173,0.003,1.051,-91.375,-0.221,-1.740,-0.000,2.272,0,0.549,2.272,-1.374
39.576,6.331,1.309,2.173,0.003,2.550,-91.367,-0.187,-1.910,-0.002,2.250,0,0.553,2.250,-1.366
39.598,6.329,1.271,2.172,0.003,4.158,-91.357,-0.070,-1.551,-0.003,2.227,0,0.558,2.227,-1.357
39.620,6.327,1.235,2.172,0.004,5.698,-91.349,-0.079,-1.736,-0.003,2.206,0,0.562,2.205,-1.348
39.644,6.326,1.197,2.172,0.004,7.290,-91.340,-0.073,-1.609,-0.003,2.183,0,0.566,2.183,-1.339
39.666,6.324,1.158,2.172,0.005,8.969,-91.330,-0.072,-1.577,-0.003,2.161,0,0.571,2.160,-1.330
39.688,6.322,1.122,2.172,0.006,10.492,-91.322,-0.083,-1.834,-0.003,2.140,0,0.575,2.140,-1.321
39.711,6.321,1.086,2.172,0.007,12.056,-91.312,-0.074,-1.619,-0.003,2.120,0,0.579,2.119,-1.312
39.732,6.319,1.047,2.172,0.009,13.682,-91.303,-0.073,-1.600,-0.003,2.099,0,0.583,2.099,-1.302
39.754,6.317,1.012,2.172,0.011,15.205,-91.294,-0.081,-1.776,-0.003,2.080,0,0.587,2.080,-1.293
39.776,6.316,0.975,2.172,0.013,16.764,-91.285,-0.074,-1.625,-0.003,2.061,0,0.591,2.060,-1.284
39.798,6.315,0.940,2.172,0.015,17.931,-91.276,-0.074,-1.640,-0.003,2.044,0,0.594,2.043,-1.276
39.820,6.316,0.919,2.172,0.017,17.858,-91.272,-0.054,-1.587,-0.003,2.035,0,0.596,2.035,-1.272
39.843,6.318,0.898,2.172,0.018,17.786,-91.268,0.075,-0.991,-0.005,2.027,0,0.597,2.027,-1.268
39.864,6.319,0.875,2.172,0.020,17.709,-91.264,0.070,-0.917,-0.004,2.019,0,0.599,2.019,-1.263
39.887,6.321,0.855,2.171,0.021,17.638,-91.260,0.080,-1.055,-0.005,2.012,0,0.601,2.011,-1.259
39.910,6.323,0.832,2.171,0.022,17.562,-91.256,0.069,-0.912,-0.004,2.004,0,0.602,2.003,-1.255
39.932,6.324,0.810,2.171,0.024,17.485,-91.252,0.074,-0.971,-0.005,1.996,0,0.604,1.996,-1.251
39.954,6.326,0.788,2.171,0.025,17.411,-91.247,0.077,-1.008,-0.005,1.989,0,0.605,1.988,-1.247
39.977,6.328,0.767,2.171,0.027,17.339,-91.243,0.076,-0.994,-0.005,1.982,0,0.606,1.982,-1.243
39.999,6.329,0.745,2.171,0.028,17.262,-91.239,0.070,-0.920,-0.004,1.975,0,0.608,1.975,-1.239
